12283477753647487206472936347678633035275314972500494633162297740842272133964337
777689565418382897780076036545785418240004674692350659063255614124343901427132419
1595289261872103637672858147185985102766280128036624476511142335448421761851839357
315001341865549644761030001008119177069323749823759309717478307455451303642089921
384056608549691126301522220872254898159008124074740056789231055686469317364887559
1047572719371176446200893346847293291803797571617102229168864373621376325802889639
1125289109813358469964937941259556579731576223604150318276242885032099230617103359
576494620237280805680327797798918393582582950126346102209980552112266072782371301
371751205746554701390344000254279759409469190775474004325103357396844020353708431
1074435612711770789798940899853382300328719002036092055547118970869049153884753869
259931445199003159474208334836212093903164507553370161297709484707208165847956461
660749633382157793077123450692401689470357176118298177976615814215076624266573921
976943904037358891659278765397883258405451330450578197353916749853721624227264271
1197874948360033486040347099744527989536608594005601916362344109447850483015139713
2310079542793863981167365507362969529658087803195596559761174179286204351542640823
8306831789852049546686383857753446804195810932597271328454564981375350199266549127
865476193085681007804479740338373379260295200837492414801259333283314814564774319
429064921224858306524693201784645556617144456040052118670985106614799302296871197
1442954363290208359796876110103568971082643865304556115557440811661724427782051043
573556847362252636134786962647586685631675093818823526204642274229263180018135913
851193910563069309893996264218924754131015949475811992267220535773371529438462499
1130991309442321987434862033353425735077806778931184551427931429258301167375700759
3495457362939565713097848897376590525032430983889181750035482968765403724485423423
549660278906999976228310002373107953827205505092610987275740458539779448860142389
681971553073367496762068533247090250907605154446610202230643255481720300735595343
1367265069911905181122951868410546752230631389369373588807110359290316389455732233
2127353454379139962460657626619036709973728993843696552475543380514866991831923493
1099061483083470598552921820293207612331860025162280864909818188684814761751145173
1368102630839812830106537827001611729666654433592768154922341247927370610658065881
911785200519587793835192267975791633628481349570915578640048880596220097132862431
692566200645951580316767118166284977262018248102854945393465821317513464232581823
587042928311134725450523137669106804603351239067614254735198185418305053875898547
527287918909362150909787578607095932242044280668869668579556860379368693263975019
2940942413781774026657761347947912351682917706065610060995539842222371906029213459
545705428680996855401544328115770935307628305138020430495940018620037690598922849
929682178534018201756838120041087912800924157898608297086641252300634864974927327
1239896807671373542509392896640507947586122838474626901564923671151294889978534197
1392508399248522614663826874243673995790952479493541975301125201145917726700616791
2383249131189510574739687987670408350120377540349528173844704381154518340916419753
1775068205723123847362121935814479100224401104852063573328980760517443185957887311
544043117343680019368153222557909123977665443919197878825839386474608410266890533
344587058307872776820526995061743504199628423245186216476211882244578107790604487
863772754364261664871974141965556113676727670405735219183570843891041229706738911
1068097485245338490268218897920672391790781111606046565117512405532827316380640719
881610096735791854525589576566223377776111414472364088132941263819445107793444803
1081607796009622775231313815577163230843728704542684952114586998555550010923408009
901497015198376755771809762781263687282462600224854977517269268703415740777698067
1115767586388597376079064210045859272611102292076026487081016578193497194801499817
2019324718801391278968046479025591291523265508622716520166431679298369822267682731
893992017981579097370435297375053888356705278601416266625949503663587906971599933
881324428644093480521377869339597942274087998433173924608120108570530527586715389
713900495685571107321297163761778180693414602577079631354523433061558657025459529
375297559802101191284885174602333729773952529006744860313820478496022744816938033
858945749377835757707308362484322123593668032266139945940509724253093343694576599
912489353590271291866775028740029192564118336998476014603055170194715222106557383
1109372094705978871247956785213630953375164066493164949795744960837716655007113209
2394260618875219948944148413808276898276868581041652734337535402521749457798450377
712579618893554066677804413682963194237864751499774349010532411074814710793838209
1369542417604795825110472077696976343117994866975508206055789461062167156004714513
390352216589995318460234074786094421653588400096610019084606591278580095563206947
1519107584258256647346270131616753055741881126265676916018907405195499142332235079
930750489897606011159931473186166034908362673805686561239072865074032902891572099
289951883938131594156153589838098587208365160577380492854966878155384100366096837
1044291425340775075533146253501337734505263817978777829178566221412851436190993599
2386426263079172902902415444972170999592862094806671115686505820456541212831882253
2191167591151392560350999207720232471852949029472847841515521021940538149690078279
1574321591561046555322105562004231316240757804476491596654449362194441103790627213
1626159650284230251843875453346121835916063238584110590452836049455156120384175053
1463345398676074810538112482771223767158151987728972915040128385968788284914352497
5654014974907195458490819635492942978296509999616229051271034584331128624727675081
1347173973932526717957980769930668115923380494700422005966535344183323376603788507
1059187176837151909273620390189812857291289350685157070926044685498654361014328771
671276614371111257607749398321476778346331205520527074006629180843994417004942757
690642798553099729603524944549647717348625498030779362442404270309705697096797611
3159960876502183357053523751393091874753927173543866736347689487203673868127788049
2703738708866234012527545396238955106587430414884647744118645735062808567069816893
354947421936185901750689558973200560179269718365096040825433088839402264883121199
3231756565372719202098721175739829112922696162103094552844080873622321234742893131
624161558187084080897565534184448550604228383991715772792151985857023836337291083
1031388878020408601172077020350971745350633851880993301637460224047315638928802643
1245609846565680856837567519621758494017140474447969706409645825130393009829682303
1994357854360956153813913303411340154672383062579614652682579684297884118598224593
676201651130752281464091175258562066305290414275323901011080743052605571358452691
1646301288735892462523071522818141377557679357903943187589525490067872251510585969
605555064143585035386376820986804769060205052857883964876280108761081546102441891
1108539526279865277644833228734075665434636449941487880533970142966568167351783569
422106200744824263397095596683756038431885354040943604063571598597094396900178257
2239927663146351041586931614010003069264982929762910196976715040151335001978612429
218659857802606883282311160206051417887070046504466672361458898933532243150622821
2882306937361004612790806550062560105884355694531878767728932355845947394612059811
1409582060301429549100219921064631960902921813379992124295238219608127481592215871
5777377211030601370404798009864404455355526987703059013641119497553554038253102207
1771217060424046739617447890118942920413867742957032985772525177011276102813752009
343485982759581262347534502014307660373028381285442913739251749571652227698439129
3042355125713974393926125366504866485090226553065015948404880767063276771180137389
1289072223408926287610070144996640125134321753935475396980823209832960503158549119
1820151248922421467989346978358668058788997862825782000079556284417055923159480989
816634025836586321563434374189828823916143350868752507158498316455212765775235647
762608122637149557000494077877099134904568714243024397054896664612436600098712269
1932511350347042718943784481623091766109947676281674359442915439126642580107622953
1728878689891193607333356764476035050631314473879320618281194203866863534225463541
3959218405221668477514407275335728545753137736704617353800790727749920941949527641
525834580314195454602719412802891708394418166319246759801748873164894817713116823
3850625760024110990164555774708011919327414562826165677505239362105281251829679757
1595489188823732240089697121870917203798472654155279786345406006722220275627696867
1203324794882004185895623721230845700818147522649002823279073554225251182143706617
812206963944976402375266606594244062368121805197481947120678841745438927700239179
774572616149722532936076234220062601295399203607739191238305056366976560546680449
2731900652325622359521970582103213690819090688044047871503101792036237427804857129
2138653202054508975111893085067032398015456642132389282283308783707248627763185501
872118383979878558262724169156492165142544789998173048892594673911160462622365993
1248422648375132395336769885398983791985834531008190226428950049729219460739247217
938149219373752914417074850042037734591826037179434670434904815934196842364279827
3005408251154745870292776830185320275226458155161097609060197928915297878917429329
1990650234281271106645847902157278091190902953897470776040254112450719999800456793
1286456758711718787224306512694901217467795755620095664670623388569550508575978473
154361889367438930929131849112553835921653399229839227782547376065623368924737517
341567713657555757101407103985940565027884080191004515151330936807183789109953683
976735873451347529577789379062326397297126458734159466952452711577157974234090289
415649040024357166272701702765686986125300079496843132475184825171763080488401939
1091632379638056543323401286293868177372979805270370978663933761599794397957992981
4892887700416130660246307075679696553770160098019447466799734359797963682444730289
593776226975136319300550668907196387886518314247181530565562087419616863593959413
1741200589270952808243896976842092448661038231444036062882348090007537382791864183
362631487532420596087868371961276051733587298626633651752141328680075057839203101
1218103241423504727847944462969632607372858076622126705664138209479194249177380077
1104235267050520681943986418119558894914323282858572018174436130764784862916839889
262795669883667837148494532188367652276474838691715005780337748405514643727249091
2738205048605229600207943221220996327021067688718275758944126839906732306978842569
2629487598115403869224044858135026630762266713734185004077478946869517069583157607
597149501815037270473127949197916937278292925029024182389796478667187929750363779
2568269587581798193383907830353942310087192084220198420147392877393627295588873281
226532320824834481168844963292484075654621731075484552593382363117600207182847453
621344273100374208273061607204082037159637762984457576765448100762192931947441579
427130121293260732088922143794526991251476251205269688119001710068840199239753767
3332673955232111030741299959182558857236015536041362826155922785384802137711618361
3250722778075784423110383240838830663289339510666157547685598028461966678227415753
1806074155388269941149480498640468720598713210007416932051672034915104207998695083
1958301796188664222044926805316645675399358108684604835282678924755647802963579901
1017236221999800254856591404347345370933750632397215340495526488626989446021007697
1092880569781773972342111814835448679840267751185506463524535403846165909946960223
2559362404050152342549161955212104150101301514314069610807566284137219001145768881
511594948337921210274443015768908599897508164858050933726485689114161120162512907
3229536675644793986886717480096853800067180256794046726183417885835095510435814619
397551926368095178487515716056414672166712566125444283581956440252431389737594653
1031889808111366751918834006753219895086393058255717980925295703563922561852075813
847411678531061219669844134043942370826645837228985461268082229286314186990729033
1413236130562694188942879889560235289224548486545749323636352242108806245283097099
1311153728572975730949974729651973687771577635931821967268519850342197046109503263
905583527040216293156727868790500204619147169349357432238621829296378582826678059
2819338378251783482920535336814446977032078149925434839369482142927029717208935689
392316460014043422850856311559659236597815487945061839549582869693121139193804863
1137758514647260713995501786185632674425098964874504324899936579111130637323008907
1706686553039352873968580030985993557020324183892160792751919054568343354048500783
1135799432864596211402372621209745692165284617070533627074307964819551448116850493
1175550041553511092903449885695006860760154425734910276237024912769118761073792463
1978439949955026850264073449776118421713131425551076478245527904710708757023561613
878655709833802284366794645093153138423630417901949314105973951773930474436716719
1105658094826541872285541073626176817551059951533907011727623609832901413635171873
673118745728334736710605155820009556339941977859880838100877763288662457941556043
723931975026545407043002464313356682826890099776687208252271859977976620750837807
1089999091543721541840751178972604420790358496105101391522224159308880242476665801
713747851701428658463660891788673706074490407209179823174471588203362565870093633
1825071613081088246075444779198792637159980890377911321198600397325036251495576749
1246906139460300167404165605668613431841856578709381537718441440356508043635260163
2097138598502838642411064178676015447275705643495730228227826066737567317443988609
754968135700447044951123436444756341018845475397140563469576303508790533020399899
1254568371179811435534691719572102939775110124730940710696281737940300003468109679
355693783984644721558118736581973537950400600347143306212423603766777772277621689
555385843865950351665660199189885698597230419680360554045863524937276942684626331
590947240861750380096593909677050733043092211990466990785831274699986741250817681
1109287504603594150306609383137315069846371379672521114658257458001779968037861103
1733363100201285587620781356663353126880455900325098467978041922813288284080880009
1698208052769963788056757126370119448639419722566907545041825628970779127900566319
1058571406408322476252511266490391548254246200863179695116795512991435680331563961
935490981416022345549424383879109188208470384802403939495160035452631445835650307
1783335512091827421011190333151191921644386112682001855553922410115643595298030149
1265327205585042992328063863710797670933185475057407957781896345221671984886643619
4639511140128174584951747812609124908555577855708414764086397882510962287755636243
867805203025330648156362308357443652616689492604402771284407405918317178891002959
831982936716626676205901197446181509727520942143998894382538961453766480530139783
2367419436936286607012422154710175528683502420946494386463701462902576772101466897
392842613449548135975206574401643294676630248962459989375463806693131363706481527
4818685897930175643389450757160652522741269084011394853006342642617977699083960683
1076235845796254682520482375470596033458394711962623532476934880116333739089092153
951008610725635079147172648486189321720272386106049738525553157775391389860419087
805105135486840286856572550059775889279987753731993908908817898068459210175575471
713959322131211338041495245225102966761259941035974726289991558950159396594631769
353747081509043106802049863502256755525198301644806717360354100947432714671352739
937503430011572265376078280554151148289282080627185786277136975505321825859106661
2879002167165732115308169676290655054573254069878402861982640602764625410459174299
738981649800600893687011226630112561862713979820528351001595776695650013469408511
1223749829984227271781948275336972997434889543863864473074568377126050376368505407
1058270653354803100750957416298090540616077828199712418210532208007744413274391629
371484928579977337958922329402276996820662094175472701593015669471970512352506077
456109754814674312344796345213483916073276668085440951184585842989416480318722631
5163136280053849917468385726027186028213655547283972109173872619529981772942149883
553393873495228161028190036644122581911513634932349214582798659546150860248944839
335540951388944375658880666658675327492905884266078080062138712882890126249663593
5103558191970696752824464569028554242579122086334714538897616298127323401390880323
780686499728330785216048116235719700880597577200623979323723307780142180682644977
855911827500090062434634863371449501292731584128425973101307573363673953486202511
2001331648850922322003102255496672531922263134697715822228567031974322333629769547
841775958197802093334074175213369353684443807807153860840409069271660692302977491
636449043604698490114682407521994405679482808997371820150444309194670168201562159
284981203571341225143179923617453966254746997288423809180580142809894033414048953
1939821203189028086174450567508418982717613403632016600132409756805670018448347331
1498300979519737085450122004826357095471109144596047507442106862148355526341594493
1112223385225976924456877527148814389332584299282286258460946900713318832521218067
764748953135421416632835951291362974466074992282867239547163940709213528937730727
3115583914738219631414784348113704315121452661921892205525948352275373573748701201
206114843124476205855646030236553319083541667683262563046477088151386226464993619
909200774970450152425602463822763764211995043785876007293119789859444539195604417
316773505637389122757427397935545865109423767766887153480393723032103021287327739
1586094352658489906398267720247313544564805443502786402663805109628369986807176361
2822383571867292439618296309407791510380969654341761798062486038818188700898725597
898617185697808598547719729859080495818694201989394738403995959911528129862789511
129145372339617500229681574826731142043627339145117090411808964367009933583238923
2058704812431078925810899291139707834422707530504601904124089378225111663574179683
1146166428432686107401659129659580644179564986476366179044613025631603794314595033
1238584477463482393321037037575633957099160790860597234831582490480578522991007639
1172568583325799582167653926480384662063375492268733584663990703860052312115686079
1150626249101079609564320399655146301419398642225998934901048904363853618586269091
4136395664833055252600421864930294390810547869207524886517046612438948144544972319
2477554905102116335815859692244804163153302656267043587548295292786331549462762251
1198748803494107324354389273265828758646145813059567954278102614784501859239875791
1408366385455330114223746965143800723444076435835284276705729471720143024574845267
1338043509275016829208019668535653529317958963325122690116579368787040505489461797
2486058143601287246778059882893112564748223044268100545568916848323711217840128951
402607633555620602470370131096796213538021266139954748342717573856242476937564583
1935992795249334384158261176395993398603483570456559771521686138264864908006784531
816456880344911467513797690525610166283056364725934151778631833421312929185905617
688470704858904349864554259291413021647754656197975723771826333344731956505991817
1628432986221317639011831059263900270300016129996266617547047004248033190642823901
8131969476566807574430683368628650692543155284764902316350125058769788860767589287
664315412435082494482785537378841780006752474833837814905465592252290725121119457
605888783485908222176411382798696023781258084223706411428230716400929588605096247
1584049602935962660496098972326390721765802280188380460557925407012356591751055963
626802984245979017224455614039031866784770647774173181184888380266397061231469761
2492537128194036932806547817903481510489152383681107029160773433845531873815442599
1048627640155004108100152246592116368624577661967537993184384033147922569005668757
1743195372762650238362572651501197959309422991324923546583562114650738255494513747
1539714692919238709297367013392002872798881571580277813522371577689505680496089503
1736852376962264581829106477111395527163007974665710935900708998372765546313968759
783991222519935589261063812482818488932444252067949827243044343744892886084848381
586217498936077732850962036413730014032356875174126113228245684364157099079636049
1613175462711154028833650535342779183677697757057517649617047737038824529423002841
3073103687009177172315412200547713949352892687225719488548546169492816538021227141
1829160335252550919680114156435799637115907914466168316219996949916258946253030379
1074380665761098900200113441791941622914875719110797852944590702161073441655678803
915406501848940396645741671712911539431681485094045786420775593435061924937895823
531880410701468179696721764455493993473464378956496729074674543076164069467584183
4568047755992261179071895351381643419026867432473676108370263562812056547369519767
927570216656593139275799095925757203170171776820242122432173896082277317673030803
912866601181895639596384977506728212338338860924521049097331230018561910425875941
5669153977066961499036860756190701044443600664643160989981932518400816472118222023
330534913915263404636095124587539582388957283728358782650700203151955940021775159
2423202747788630749606493999356051986539228141850701862014106198865152476103803813
384290655474597043050002322045069828937953622364260595781600532255196326875205717
501688787626375661255686038669413149250244694598446862840548303066539610743332351
1196512398153822651146454657846649939030656877027661428767493820962000564185815197
4655989029061875575822117665115481286379576104820415767280883769522974438085742851
1848153209358927011283903058414023634907336803434781522354189653540480913022679227
2754928144284817377919498942804834800629820262295306651159558291750874544532961119
1316178355652343073620662728381633420433270001623942433879922612500233520035997409
812565268967784987469907606676227127768490173751775742126611734546758912805488329
2860388266361926725449068402990534062991953980471206304060183443109895353445184031
989881309824829703228652217502022685225503855142201863783596007652755224696355671
916236695923239318978718316630167810927121297772919235516917620418754775089005499
3371991242737438764700332687861113994762693040639651790335311219258105454808623309
719806335357542004725695798405646711230372008513290233537334706697203698378894293
490865159286759733340793690522513865259908667126643426859051671679168085671418951
1312273935096918163231131154562649022790967821200510206988116440938678831917668327
1268693460721550223437542197268109595846342178604928345988899715966826619447023941
2895325211449896173695134907679366366553882546641896675406510477694229319861667649
1530939815344285544105084306730270664464104705363596679022963395425710403225741351
725348252444315088686942497001969850953112156005959116107796201579502297192221437
509226783002239803233790815550445111303358397817172801253826120586038598024065111
1336266885447881422448064712520997905369392964410193152017144009052320881215349891
2028690569138220308830161694568138439114082400554058370283104378835668527302885061
428275144768061507740057898843310479435886466743846201175462258161847966998653803
2856576643180322435499476814677390181885740960666777363475710487026742400430690623
3898131157171561719737590421666113613254403401886488077345411201349515922636235401
2148006399214403335378722050322040281855296807874079168969021853503228161192868567
1424787780020551226055449417791958804757161231554613302879221182420313187434931427
799581075931841056810949344589833095830090586055785213861852802133072080396669373
631596131046129350111545971741405086672426709008944398653719597134012962040839467
762229136489047781515448624986846217479344544882912117806893241366551621742250799
684234003126555559338533734598873326620303141908736263642614419464383437257840563
700063193041175908790302083471716073662998151555018906277496240003432034051017909
1169905812454735286443319815213149175124313990204182607446177224634079720965125607
868123200840428036502607956700258581906831943653314547821161552878886421098626569
2308004643101432065660087108043286167912123139193434204051153867549451402719814669
1941237870249722601221541220957747000177891536082788044456982323732782425949823489
4615258788647497771511583191273856322308069124293010894700240339687523928981904203
761190723842431877869244871408805523696101243979782672552698055759584858466996487
974450357274918085275136627149134826058834020588351517227358433417593075769099399
880255772577631290009376935617096726176661521582604909859867293793489783982997153
296547828676885094586445479136780011502503077609290056587186435901239404655116769
934115850280409579133986346219217356931507330932193349297463763611405350432597887
1029510748198201444295769967093308148759974914088993826393623401818750126644826931
948500119715203528233937386959476890540602082470282405202207573452244277257588743
1805203843082711070053383813568625682938233208345899064660253913760510108001373407
707142414858290150343204512699781556619779141860245570108578973309856727175552119
806858350506866941658171545478444499173616434320366746508577790850928739459551467
1837880567048664689530784622456164116812267651952531927726184044121846989723205581
554444648016092333794698948669829789369941612293881970005509616739828995899392729
5857888120215172249154881337996135409297776683519455654421222788474262686445988371
1424206885431955642341005161726114941584905409835651280742672719558403569047453853
3087057722310077199019370955127504146199464431057273939869778039299869817259298557
796708063116063013364708318931389649066743388524160632029007355900675177986828869
1583059018606653636099793609025026393470426115517009000745709847614031904039525737
918915308011838337381711285746386664940172198366234290830343960057300852550222003
381015237080121950727054794575069464505497363526749722242309989731991049637912317
2207184931853242089171402095304448486544709839754392478017298334006716993544975879
1137394062116685832778250426358680542549523696827677403934527458901563529492201837
557469931750268975064534336834567904923040621109210433661014800855153287361097739
1626883749244365864298093185298860654797254535914142896334035062349602234724099693
1698375368865231554741352265447371273476122103134860511235387863787581151340517907
1748385661290359255567436388243027383548762182776083889015771595921335577237775771
1739084087452477595204962498230545768272744197011691319573334995538557130356859999
1891951047221931597075157850882416530587815900204506271202587087039525184997030433
813211331496250394420016063477190065236812385046524865704870981554683506123557141
1209549114241276718054867732867383810866618691270459754775009346372549828412041019
2311179205817786649209325856355226567172095054565962212527895100019063815215694823
903575177441735369605143113487368117607987493123704256591176339616096655118369187
697361188520506369624901735086946003692177919641334220943318754107447956576018781
2892167784911180230267170102689213779880034590634483360669201712170651379193497057
824228968116002963569076297088527549570674762166270835444138639633394931223831739
658536738273730947438485945206200482884104354597507865997669909923336508232414851
1732074370907680337838729743576444061536325066976775306747276177409452870534005913
331279793851603073711624942367578423065494977088692681302487402319584897640632053
908852193541565953499760410715006703265340438275105566584648726332199339652999223
1644935982209181773209320378528807906158371096677783167465014667831799764196848113
380512609810007069187326013987783406498456193688734668481721578393193258030495523
968957772490245179506958950562810834936414585225635700344299284719755100579670671
178641316538039382768841633137777054435668742117274141336338581405865217326931333
1038754732540618327581732291079095230117973194032712650602748316597763975292580431
2063339086123695784911965727463124934279684284935979160615724673789381878449195413
342083297326484961356394767270310221428326685052683244232363095590001170142749201
656846716179212054775593347053054500811238906381658159974307456138002710261059719
384500754190575093624823296386177212475722262376182153241288005668929619070823493
645447736919724028395947755776819385499240446926603646093268098862888887234135067
3043324824711216378973531615655704303292903120825337409236034199356390715230933561
1354436747945886516913034426502550126194271574852466409589456343603525927347248183
199998177900590885385615624605582976895875224597936359440356372118452795202804107
417716192315482022503188972089972683885458065398901986024146180199734111889359643
166154603715509300184399802103520802394616952170584334829190724891435157012592903
1193565176185918866566790272577161375118204157978793600566629835316545524833560669
1258449667870036680582915862998306511393781210556439677013882158688545096549243433
979437257680501370685516339610713554703102015610013671565588907520926248688082579
992862314835405883407072839333214379016812950276028290349327312014819101557010207
1180301314583585029815781667028551303095999556317534979912862209311379575238227577
1712087860925078099358574127565380322083471514529533405783958501420545531972701563
2957832528139086545102508165818056700686431780145328801123296193239649148204992159
980365937322869034361900469031540889917098949084313740817274213718489346390392353
2427359464071198023827986264808083954984142251060689315179090476079523044324277791
1802897499012077067969621647905499534742794279662988654873632258372226484047439023
284058749972445273207500779380307753471734609828462218330794553137476336694864111
197726769045473221882161872088045367029955239828118732479902138460496145523638411
3317675458117176881534232027625205822657055588297726675078634231113188634691062491
1502971101917369587719896366197516450771342969821855642126274136622481065234263927
387021756600690050869502335210195109860053426766433914580724370771570012694979517
570375302187281927359579838795943872323156176199696219201668991941352182348500789
1337116980872216880444742671914362155878500457685594566052756722048511549262368131
765119651604698295536784677496252364121732303015028397313204238369906202258181873
232458748751172643983390882625821305405265637783798194187342440232115237888818777
1587804771805897349678281939203420058745091778248398135309302420150325145721978843
1669559975186166619401271266450238361612764492996268356067119213053098429307667001
1062095847395506299394272373054218577211406385901671121422976842703685588948450241
1487343592269317329540289907457812641423976670374241289319646373278499798575800737
1533315751329139889138366087285884448535380029457018170662359114337101222047269319
3508240878755482529518330933320018410195590561155078319130252388278071486918168643
1922242780255141404488298125826412101659221778722134496138048370656038724570542923
416971367658320537869249930617380378250130157877047162515993311303778847103546787
581685830062242708132725356455842618181075631010093986082395818379569327393286141
1096163231226239288645518253638459075290766428142783527977662900163269778280736927
654715200972495415122972435786442693878153018727008969069024135632621395041927953
3808592509643917133537227265325320084704106429849165987145566649764565488837809421
2411349443546281320703739321971848934086412378048953725879282976578353095088770071
3276230160017092963947887084648333862840558975106441653061384037363787662331877931
1349293373384463767799274537002782294370844457969029717887554073481752515632910053
1969489273069661075005152651118486629860102513035713855489870630656808933895437841
1151349891232416350072943358363384425186027391274215066833990939019277288832337823
1209787917847894751140368222030094903205139893382081163210306908911206824723180583
1363935772451080140579354248816698121509535016836380307397559486369023453301430719
3586685451817668969882527975507866723616678192813083161054721122506994056122852517
946075934904838396871746533293783800815978576877430275734908933917108580282606329
875307860487379308982777034024186984044553886093625875011435339399849045835891317
3631724387837824366943766800684419660636377322787055910678874743663628605346869213
442746220914469882257004586705755486106529549056815742669125699836464056453410199
478380309302975677855426947834323646853167179497578882137718587451620471330961743
2485932529510494814926127937423751832764035376915877706464031670336973233691078109
714645728120729581257443361845307975943332250067316281822932062244992005177239627
1371904122959699542637719377836277084554797098299982639432342737076531149164361017
634732916175379277174185686010305836920533073658624641810567513511480083568164261
315955182776354507043205640151083978388981730146794653106237436177977151989745761
1256782576071627466440265756487449285029105859088765049011944546833478036558534049
623616779758074506674448230092621526763790012789432273233553710788588719133662431
1025639858125041646269436112023635981515913568296858585858693058240487761388715103
513721036249724020956907938841488432239983835689564709873426989840001974409533919
704269235758873149397801464566695822750157049660278591568058738405112432437395817
902370076236408429053868985956569578674182563710789673649460211178878734014636177
2589773505815838055849903581466989654777045721196131499652347554831904467568236157
1108050726040518985357691167346767001115280668998758798873127582997321536646590911
1336624085005268384704872907770751271108453799224025632442050473515416747635027591
396805321823414845504574588431695641857590504809040868423774007045050339098172591
2466253640209804157356485324416167226795412017274528101742993467894446052942498197
853815034412143995175713878366513642813253398982805577561364994986654233889112187
1406073665531061963975440148627500957942212433295192996619796197871526803394812861
1087363399375576940465505544599267619798887550186964393569004277303573414755065991
445050617994355490853422407250911620191946360327227254768920510137004196600218823
946413067718835299404302787171445208156215231814654677401370828697228659574074633
1488845909993562841117285155225187008539536945200399562817877939885322597608191077
1490048526784713526074523440441997086597940450187882635318181310975860016691136621
262807495160645308893975686820487195250718037056725478838426594567540550525666947
3469462820208358577914634436446970425153925771338835201977732450566937007525771929
698244794862776875620963152890527854377685622478715135530241531481786414610675711
440979507653026452202262476293798660845786713779385800695656140184206476766008741
1689655695767470718591179517788072188209457045631648369900146661850832164190850333
652376550463663900492978910715977857274311425136947678182676084639803828891505829
4158560063189499306517338213365163969287927240099361404054422749922686669976770253
1003442641247813220457687741059716218861845912313947458623082101925285908806295289
706050265059482786681871955807630119795439244809760714809965299115020995362605537
430446938897825102708110599735066350314075281275503348006487408112818621485363769
1153906882371047088739122351787895957375584596123457826623732862094485663124404807
909913034670744699202910681092550863814535977685442206045042087127663419287171801
390737427312964894686862575068279329464571605051713928116697039597590210261915209
2049749984372653910422146969899118182819262114359215854167734515533275867530840751
3109556704938167640581995415958209568234501913096453854329528559318928652947676137
790124130179903053231390358294605227350460617854989644185996908389702124649522147
629376658597456260117774353937494946773051732483358851149127743835362401263819203
2052471447171085924517989317192338569154581663515538294393181065798477364682069241
2159175016681417695861227981678838633224567518179340600269991158724818077528484541
5652993379550916535124180757364425248399775339828076167088813657558261431913877231
617692897714844463491801741452899425951117293853199465763159701260876394523156637
1570967941439345016162251697577444880318100608461271323303578047383903088548449559
1188662335952890394067108622082096424938743286312702128348346913470285400148490021
2645540343994842216827096137044718240400927155984902136400986276961699631749957317
674339766109051751516515689589423438927929321738912071919054608185607749974644501
584737582241833813707094608150998937891643558439694486835713014724447582365544257
1071627794405454179909167679372135026142095325911540243847373987044795272639064911
1153830491927888040080506072262952637184372168022458581063319911632013044295066417
771593364614920815802078052940695110541293266076510097951643313110260219712241229
3579083245381354646007039067452659697640819390339771875265188562587058892620131457
1507425100277833572587216267001137548377052962843075141543518123401958921677491739
1175361493639795041348346822112435412773443915102856089271451409815792654041663287
604751180113442347292903435731700672996616243202867429082391603241827706563982969
796550453880727903621574336700274529108417286114381808381667974240127767252499143
560893484713005868227841299503199069379914046641468970162112615041289224420307107
551703831624858184486890833340919145040887074529654582976072253750362888114003929
844604970913108232130692097607450884836414355773643050248454884643239924285748063
259501449458169669945574767351571521799762014818479845944663765670621809563885511
1499437834876518179063938566632661348461196541079396796706112283718689210403995917
1208221801356379934628938523860577844451752877174556903837263783819327788789870957
1071244706643509856330697356251314320972428524039427370121741535620381964914729139
4688902560600771690038357355813603551237742793419349497652692355324158500093345719
2547041850161911800135893504695995974664427870228182915417821906724021819439841941
1075131297884558959549282097579851991786739843985391158345643959511713305734630783
213480145081544189035123285975668134501683509608532961712715865923110018961749227
1313758496709224438426133056443234024149456760572722145830589267916886208694362041
2973226650640320566190169416835062352150585699389984165005974493752321757488355773
647400281059651758797520321088117456878958437567975232800372711224866076649538931
1155184873119909898998681971729219613620895691474334312489553749729330121135478009
2328961681484971529775891657691172308902485305289924970355431851166639473957080187
2294801971708638211664303878005559092799351259171958914022936403932880894206723467
411851080696096077487558367096587338586438445779936995423272400881494790857557247
1048551809715902830790075863700486568958324436805492028107570306319086624564215113
751785394251001827657566825411851727293184355398008033698504131713795472387177857
1197619536823511863527444982129430095487955649178734914710632805253048327617963521
2940524685728891853877846596866609946849357709842216884179198352281760192910076927
2006894018581370921427313642161632049836557826215079715762737707163817209680863277
404516691504691873756799164932373416635418205171213087568140970920895760132389491
4424166987037699243607814114729763371839953122041953908328600283424877801055710549
1929032999423004033905012014303279707046817766018361634599816410535338969632925659
2368116505069555115795230453449121824119775029033465148232376116652743118136311629
1930475694558446112729744360776944371953971395332232653426016354817798095175112617
1152868339793882021298008628268163196266863338956477342469459953105917228237795327
1243774708179082095312607909100522837214917535917446939265794900563172198412843681
641306003936425436565855679007144802167420758264829255040395034855565330990602587
804995191534266362348294383943113429214818824656858787426999384256907690699515427
1038322652398705401655851971197831473309200145404750900571925510876626724077146639
540506960914199099533725246230462550317092459308385330778728516217632320907688477
1905351359542133484354602136740450625921781148421889065192816768000090435962690683
1230687992535242804115857389585839634575218316340451794430850063735541944180180971
577529598227079981704852156245777380079647609247525057297616904420873742463527483
856810568119891760625579439903254739069792965664668650971526846139979269106128091
621007426810016079342166049365490922522271290068397969937077852504423162702526409
308490489288542257910761424532035296109760427601669630743878914249972496545201293
1330626445208106107804574309164379193298254457824319116185171116733836736667925119
816116344374495742196301968099739129038151768179935352848386022141825005973178813
478769316960665147603514012409263704369986973805783869740019448913045220429969143
704554533055310016361804808213856878612154616253066689561208538434071808720624399
1354197880288017519021781823440696275860414776936000329724682283258748662141801037
931597333353156954944951512271831137899298907935843680854888027371838770593608459
2092633989077218349910949758741428328367070602345649311950640690599072563401865987
463815618827241709237327871992288523400172282108342670549581700891735363432795387
1916333872071227166735240694142525141368117841010155199343990386857955660400410421
626659724737065305725676413991976543740512250248045247213428892752872155808716623
2175550998061546385819665889205551282177589346031828731598795222802015863796037321
811798240335861760024427703114751084191078246693764172371489479803372382200184007
1094646364280260866548820254827305067974006951285436245323778644353020384298435789
549813414677629835397817583693079607578313285600094873929740380199661198113820837
2702393636350910840096826366150625196078166598296804865447592871178391138829913031
638048711157455164331780928912070943484787761391964510456654779993440296749741291
841575743717136835904161757617573913109608317065151203373825434720741132000065887
939132859174258274264674309111188382939972700070235991513039469098049040751445641
1769802320082834134837228333318605303441140287440726325294677364680021641248996329
1943260916592247304062429767751167658568340111077859510777826306860893974896606931
3913958278971914758625560065839565290403512563567326005234812076809538350896165721
1322796332235269927761527343914547659531443156200909366209782584603755788925569669
2627759053343519000030627553588723245214982149082161149384263866913636932897372661
1579238385637138511051242228932541043807664403226619185960712968889219643356977501
474639209356633527560762264242585760785138414270955146071109754690959251432671159
1763655271962837363712535883282830545883948128424156110066689436865602606800090773
807760079765529366562741179559158613131189676497432450914753204289387594501448411
428871380812702378872669904640392553803562277626404353552836205382571733134598379
2506646264445942903454697295137695778864048651301241327851294181412714705394471613
1407591373190336264254360128509860241766475782334941509612057667128511932982846083
556343304704752272654632073616178487127754315306903959656312284002067361715922341
1075244135374710560858497595631927325019538905248988166388613529936524104008713729
724741034184413037853046589832144985350886627463695811736085157947589449450101667
262997111226489275038485687408289504231425953375749004874257251326741275680705483
425249858683883780887712274702039141596959349719075812535726043389827600902425573
1192155728091515672550629219019054938945411827027871695809444290798453900786104739
4102970234294507450513605505524756422477066606796076611821077109123360961150571429
171180161701876533340523283169130156507563377152359729405734530007697973598048323
2687865699575726829685267210968718545828340727997907808743535285200547677429970483
1639333715767342595062949472907538955896166710869325080045378676326683102250184573
2892550593830579371921201151650295342809065739310319974677739871377970402784653703
1991939040139551839574326394750908810175680221191662856368861161401638683195645697
1211764477386990840687115104849607733880799846932191859109049737081705893183496327
2219603573221170276248796267213908612210518810945438792788455193219337316991522809
1177084363850169502260860316969950445294285997100001232490601681822359743012378481
1520688926816948195159603141401763065895110389404691634795043168694358166698279853
2025629753086925240752962212768701726428573640230042088149255140488393324987224833
1678836354868353229835101492973538623957501057090529207691285060627655017580217971
1777958408787211755114418898427758836409904327260459912026053862355538559987312043
2380947189555644732893733705511272003857695436148087784270600501532559758742267509
423427224256903582007908095481954740924873709119603775692043420044390867981988973
3913950014426706796563614871842962609131971100201883837473850934104898347676478559
501861640330690827147602879866273093078092920972604189498622961621386221810680459
3227026392677487500499525096995142614230743487616289746107088764585483061983563883
686579812658594488719116458169433054098248576943503071896405272641519288656066033
1026002330334197876005145467710461929468914875300446920197457651366486160977639853
838212801601503428420873865561247931525792940585566615452107881235541189710270979
2262841357789598053519390659376217870975640494895535255640057550226759132511109181
5143623658675735972846107902194478164823892010548538299127197179997922839256670263
2497697314046235233251458020847942670621204726986715430428912215159078752919729577
1756406653332524819593228006556878042039296438551875878395570045598500657105939047
3094764562946653918750402309080148514404231899228255286253565451327571800836800249
877616575821523495821175395418616756761517534285702961008475002230695832859975689
587817175208597207173257037648322997871700399355936207052171826712242872023595031
3406638675758006771181270696890339498840504480542936170883781206371443475245404463
745186105658245486181705171015877971860612757089317970136790852454569446316562583
6076887977342403497773842742813146314280396509788616293873318203313812553930134541
333267444196856982243710552471759689735263430952462228580423247909325110474533173
210137425512379004176048755106989913862610750419999728584188634437421339918900601
440348520263392862475182852029921064861243477569486332915358796336390468510321791
1247126473827612961979846753179717837797682152149708593191542973804273356308674539
1294343330415442548401274307347060287133107820707934443404618998217598064623196343
932625631535706829392915352758486898982921494778250716989017308049572791449488407
1154458820076511854496864712775168262652967415684149176935796886888110297839416461
551067135965410927647542652868901017711229859718559999424331215400321832566645619
901808939910491046145509108907787354920780795183264957473527451384539798814333917
785741729697667230636509409620169987618501470880005742330683372743259537075109391
2324963155095805184937411779741956800585104715626574307599457740057697198141872737
414407493079046313635776314563865549994937427111430069637864758241504401717037417
4599519716519219104792827857445006730127758715876227021840301180756697470144338859
1751746618496993260391308889266525666079604822386693631016390560874136678259189497
1037922934936758201814754411890140974874201666745845251014664198277788770548949337
2233048365639289288133929659273722541682522304292802639559091219014400654348370891
1125290882883822952778346715590220997850415536119841453578902034114104238706423851
4591662358445822615724301952649170176525911795506025991772436288602630669156084783
686860836760121111092032583138742299087949728503170870336648459461991118018228041
1442757406277960372117776884523999375502909100421842041062574120116179340722368807
2679086282380342592801102313666448615298099109856260071867516474908627343057931809
3025780654939936104414773344113360557562309856692779583579317917881763312573607669
1602227518624439293176555900651877991667659294483104394417937706588398000566986943
2243808876719444162128087865958079516749908024252716278991801143527514960930944347
1052371218031507807876606022166533020007655551926411331975886610550033520734378801
1174324549642970372455852019951694499409418554359078466018365763710520547321768757
585596868612580563218553180734264537235631016737099105882789730845411562326849153
443243259050989293895642542798921932954189889796098053746976963604989747123294299
616160473860723580830853745418045177099806617400446069629688537643490684193193857
1339595765172678642278828371932238683897984568113959473363923633454994346344401633
2066721295064531049528795079443245951193592726634299603607684714113211544214810511
1676674839318993452679384682064874414155889973451610663416973546980779810989134741
1593237582303786827890815962653933739268885981633803545008011916649312806534378413
1811778041736743581673815206932852389169415607540557639856253265298396320589417807
1451928669039147492814130819748570980323980255239922870082101559623008947771354529
144586721857062236920746691955396217823416211507739151843102501375877039343153527
3136006689008826521961659548587809647614841972990101653030958914816615425763326919
618197963677837641199445030751218665045932373676594164492264918157305282536243919
1415996043753244551235428689486918959832801207472475654958036275362532734171170207
880615803466647861106276771491648207189962657674417543172174501226589962483625993
1530383667843418590968323737977338891353585054259826046593759554568315925533189251
2679483967992035619534993089129541425860850816044137763678944764154159030475418137
1105700137158742061287327690423359982323195138567002104624446805075203438900965761
1911237007588786638985569096974499623603045328260395367194336705345346849126164979
770615270731750222633720210396952206600406444499861226219680597229753995680054513
508145873206044176502940701938063788521914931214012570111278509634595459084137667
1419730173707709688379000206517118925361024321209422881779845995950330761953250527
3403871128931817422715615605700365682154361852635562716592814491397564991704117691
1128643903851383294377377413902781429765128499436704641680693993560261590409555069
445086199391854038185992832898070071529732752035780205094255862584657162394346773
1193877658898465662723419814813481870855069771034144086112929972915399085232035461
4264155011610085239061835796430797267656426222107926535418427453932634509295004829
623413334667004000491858483773300701514268664593310755670692579260279864255986823
1951226927097216405709961324602222590770151903370804313628108745394882198497880479
1914739607442051681902729899543637577906292678606446814633452180982353906003894017
703871407642115428969408219244713868001123779708237336783293450210225330913094979
948814333061807275516589061128765907286246033911865318173047746073029090903635209
457652941047640305113274392904551184636443095055610952625257293561949907874356843
258427046454866462461484516172117421640266646901698212651520676602012455549400299
509768746439047654390992385289700813680515115137974080020756884890313247133828447
3025871910953196580766615104704491406936392675500537429037552506957822075813879943
958159514460420876300629761860759951661147269015075934086641701201771811630756369
887662476088119442590441663243273664226161635763727486701364932579936331813181623
405711632744229331258181882115891259103631180505193235439389720249661166453791607
1453941377838619451488729612399077085357975864857377569509140165470760195372323837
1315504721865674947248202579607999441535080376161168501832375331834729900234895953
1471900103639093868393709124801679640186937600529542189438694064235142294743532151
1793025730527357865875730273936161489090894917615322144414561430513710078660913961
2015933740724489261576660622477006868557505133799696846909079759480690084419627737
1443571717926140177307336322474129679080356036400687927631818320510291694317348163
1070481321029957602592276608664060998763706764820465247859158617723157782610823461
847792822701878576044304941714688310836137072641341681561535527980201267100446763
2149216445846345437829088432043342703912751837485512061975695066919625170038835621
489006391044313775012788650598262264403096992871767815822028386367438750134769219
1358313927468506535504243695382412607727790061485119637850704554662718382002069691
1037214224845492210879130644332762290212528111928926509787204344214417343264314751
493866818509421319807994534623910394259227814689193020390616077672636658017388187
1344262034545327991126659197376664261736801397546400849540040946353656007644072087
3869409556032782106361936414796198749927764330646829616108107612080025786608081351
2648742998688989088044875408435183447240078640365002238664438128082698292148871981
787624117412329617759803886106888248494518166541107354857332499944406449432124351
1024228569405685933871772298804359669865910711699782691859257652766868635007312783
1163445037234819188953554985936178757400370203292039161601255088225444142501559473
758538167275978189010435163926685733860584181861363969715567844406579724129466081
2188473684352775273100903055135229487382676326007590726380831058139132671367500871
1577541268075140913996580142529734491843365317204179464192198362712342480624369097
1557552221699970227670731273738177833107639920417931277764044506318495401370238189
2424502676437097841192336630787638031913978294194231482492738062696171390521172501
1232402005753194184417251746075647945779537159830482195014205475912218375385675581
818549653153913522405479821327039473147283773891140802727575475021696548731468099
652592148353505105904872740801788846925074476317406276854233463898460893318425503
1098196669065407206343449921205816793126938819597584758680990284887797694741560591
540214279261241975895978201759063267421694674834633080073012261976421679587209513
1011118512115189425373668915304361824219279403673204770560800709953980492823140687
353197133835985419152814619655667445640021149534573942099953353993885655988897127
2268100052803952901976847696381765985364607455785966965791165769974858092459498151
971847033570442503824303317916728494707093745919083771048571601205576405054189737
522888927310698772326717021001206868378397906510568282859580827493934146397961561
1020777592687141272074598335172464007716196568942268428771440556282124659707340921
435073442682171888531467976231145523703870585814702543612474692379316686330713239
2300486462156527221035179639907280499023605180729086874570204854430779275255954373
1040083962222496006239317397049187382526684076169206149405820602667113391916252137
981287711354824044638822262095195794990891281588818992296423598880834658340752697
2646841417541055533456472527913266559377988559401246404339776362922699273822239491
2511820653366773433639844201326859896258833504817865297735082587488444296814973957
1534613911206196861814997119763980764275770205032789810253080238457148966491965919
465970276821529594210587773261794883510397671652898026740819848869779139075696163
428675143865078026496776689222451404533379688418750294912034040631025207231526997
621039864218003007660055366212387736293359129942516024852038739270341805154191153
1343323813390403215121568804503657398637937913486104632004593819305819463598593011
187279361347658245681793300274679725335014983811199879668042500033925917879763819
3031355387192806013472810959125146495137654371861499159324867550154791434646908213
820136575057505038552668674783265379529701418859808875648042101521492238480684719
523653459492823714691409280237308570196113955693396332668288019914252448153513437
770613511327655940317792017611124685038872398704241809238415265408559808297815159
1080048195942490185096893078946636825128485269255003359769851000160875970445163477
2639455837199894114612804032929583245173148219122344181309391321431897797672153913
1294706872094751080742053661381658760896156339197437898172435156015206844308346661
1194564942236055138505332402858388736918546216858758523468916777980077733987009957
435692245295182108103187611519894493074679194505826767750053417836742970881623951
3380476566835016694527606292302454385340857111683826136215397262444731813434452691
1071032098996955586487605733588634495851827521415803258733700612061593882709181131
1945276978701975861611385791491410737305668094489721228033502968118679325515925599
1277089962351663303648473601354741971878705453358389257188115499860961813013083051
5027469327769228984283540228800152249751799717526051071102956708699906851702807071
400349359019058603131948413664626265483057637927352444961172214733449673895151693
2770778822850343435607674623369633032180190712291218478369343910425432488244863063
2351353795372086300413319613516788166165546492261864677319370802047279987453160137
594991821562813083890487801459099197816983214010377320763758396977073381955203363
466894159061946840029282152780833033321776119537691651454227905084924621851914909
1552636067929981706204027899262157390496102333502927262104722203344158796277316151
1694142254079540197358391181151961035860520535075548558295120653910927478093903641
2231564395535008725253545976008671968487127838932494785062357179993126540376915983
1261292453107409914626380612839367647952709422258789196358102672027717515769084313
608930101949348090726405856485648766528323825908858792788890687388487383233493191
1060933329969559523732902329765590028574895933062483632452974846472787869183257789
2390595918969411411607749752841140899548545933368147615487627545337562228714571223
1663950582038558202094762155694496349728532410657909838398028062780149852748220529
719831664511733326922402969395557147482366840732312818711993155170019909862994147
859118984397236605387756146671344657001661814441131210455815001897372580427579177
1421236385021981027541343255849944246455437278195082089619962058069016954319093457
2589932251468647650236228886801857361403660584757744046024640919091941089908372091
557631288032717638787841511009465055433185805214961561416063489031851732879535201
2380352017363457369870622211710345797700839981677383564806812231235571460308989263
1696591117447026322910218640655627141897223972084659589090470476700501697549942897
1144144996801052008427138034475003844047257254561775532332918014005321037686572029
2482856534968279668680753237804461756094746427946941762584288421694717435467147183
869019346786775934353698226138694913857426369629566607725757063814793574798686319
1264224419314082343544346706237234956747152044638187009524835497400721046609564321
1423069063463069536510915463505506900165519910317180010973539842037845661892679329
461363206030113905631836133449070582648141400688825155700554791111128257991607389
1435091716977310174901665754269643093105123266481108485576943751388647220996838881
1772602731009167784833336735055031599331946701757349455613788803861546335331281731
1758352978961609775900238684921073514586573762389574949678000080145506309201408501
1024380466331467360613331426831001028653570438640931045831876580909939863968410067
636926797895052272637303781311325731003505201111815075001078171537381103024076791
799798571416730241877212559940873763022429415468604208815296237330395115192059733
2793753579220628428357389724281973654197477314204430711325298164243047864083217139
1964059468373719490447433291014053984740031421846150318062167314125596979590615953
1284764203014684762111778632556142569308370745208787290828537430068520513280822923
2706020327103748784401283559395360617217974080379112526215099694186411803622542839
951732973770125455515968222932509505485893306419283163376436647521282559794406541
1466199097721213993702240871422158761002228946839733287834511718504865176311283993
519765793373165063024901302899667128201462594795719656496839192848163626962819667
2603692710031580444886583639467522486849626421864353541391599741142896644518925843
2004518304758704399356859885134863238150871234765521810312946819798108683438742447
1388241837607269160435514006611090861816084855702317179804883019902268261419165779
457655345281112368192341295925830139397087740731572456436939746558622026924378661
1867311611552890318730509196973585048287947724480928149549289000898413548763008531
1224165023807884781901440252814318324695748992107169747909236711704526246444995149
206006808860889013687245855761814833779822809485842212162258293826840960045263471
2167031744894813929330923762850253131372905273633290485366552142579229369163120451
1377447403028861796452233676077136576659494365504344352614229869091319453166422403
240627999960763728471716166743137886563795360486882420979178040196581977527579173
2140223518720392757942221017971201513082909256836519871159791269793201324292570833
837637251848691850367100940236712524941244312034345471628079811403491476930789707
1048563509097381428249574796597557356083436174955115109044541669793636160716731603
2106847582349886604243147575698119754590022541598103462382837247424105909929571179
568795190333310779862026181136848912517600150707052759798644264036582139504394809
768101322692193130435676674790063001160497468445298749584009157190475334956511351
647891424918133490837134471309793073339396504570529635509308680342613054397023603
669387606315265738787506803663073541755528233994798667700011953893990537007388923
1307345831198735747730913739347476021352147276691756650069520369564670931006397633
1118176994177456575547125468428864723008272469611389850810804481055388111708503859
765874835025107521570031782608026469061755646200972579553038914681554309019723611
902447478840904664342066498163727916656785625886520230513958021100339996867871209
653675517658016937254918699717570365423670187717394573666367404023197042841950281
229102449456384469713375207652725091829474559372021391225349543702211996477889477
489198722259741554134986287122574279023224230625829877041760031811617355153177357
577342327709257105209751329728342831647970512761710108755667194711973962173981277
864849983930306073578699005613759796805132482853704699840614313435050380718441231
1064475076902816288934460689543720581171593145520992923191686111707152818920366719
514376176870258099414033025830396577452885006474876868891395382006304942805329257
1314227034031992552978994078393313855683053939782269187357561714268731465871942877
1162608773241523747246317222042674500444260973698279315530099755049539708194276103
872309815585432767545131602115678155653347633666093724447137894059782034394862599
2635305608947917735872217099498617717324862287286592316005982275221303068655333941
1888851495310983118756885418600179856399607806168665328303397960200097489753891809
1411910784719583309434656769514416264442915677388264224346416838569368769828551069
953389979086620282179751589180125034921309622010143883437726605904688977623906949
1407749734944907099983797179291145073344929964203189995094479034857579888804912403
655753560075471132321652393746243625387599177471057559027462580106181402903750861
2197593504133234727401681369858018393905099241446513392060930057691260915060601467
1514359443691765571858888656845068406780421720921537468198316658181658114786431013
2040560919943403550551089914598360723769815522770610859753403824110123895811566489
2319818436128511369001817132571112329487245497057945584361785262632448099668159931
889399628880751773277511841494776864484764916713172806844915451745673807674418533
849063748487045911957639050750617630735303320026781343801942525737563276760111459
4701842822444726133167253264159578158097105644022054099693760843276101511337247173
854587256213890027569873012314662582088396241995520196655975230993315690246995323
1059081457315760246538170547559061609866913518655483508932849799494428437132488507
955397782503871516546507549529066372358628519377293579380226291326705922126492867
1195964389964716704709110841706657720228381504045341013729332491706127719407419081
403322540175500784869767528027513998040056894438627402700040159132007371725854101
1806564411908554628852446003747977626110099853532851557186761077803515030484265633
1049901691890476171980163497967007719657906167870588747028417263749688974006616477
297822141433622033994372934262299963956741803048642564433590602812354847974297209
375473295924664427102951094522502229703613739961150123211854376753941682336882151
1144135305996068500065195021411522970281141512822565057014006913232230817566450467
758769408891829465152299710083584085673994223425090556196687044123570171703522391
1704483745086231532038764653258852285258262490627605312922720922523000827242554359
1256351631228180072133264602498684102793165276958306911554892794801157850518564247
1796512845626574088862604826036335777967385518787352255137369895420161886864811459
562620842317238409723077718196100298794659800332082485771390151508280302330177321
1028306170071989287095124692547215796997086066181649468118324093246203370020879191
783001122682941276722877865554175058752869732973386244261152940553293432440880717
859919519617778159219003866288706703760115469292946688851172163120641016618993879
1974829590998879777037906666288424604476585051944865650253735876442991652811765809
2140921257003141573564192046281296831522877776947556036508273487937376605649792737
671796203351919340523594833483622866195372951230023176172250162293283202393850303
489253668962746574554933599817366615775276268944732234181402876612522122429701913
997943705879003994598798867300970643752056287049646995371503617135051809854104493
382773316923969353748972502452194105257154669905015985674554070487178512676224749
479440292115234446893902911558587466671035581696881296963688001647611691701219013
2748662475107832120259053550286258214010872128925531943989068057515355199085680331
395085255300204996370414624374874619630302699302116216862857216867833712932122901
902926932207398521563067339202217977507561192240288365267225952982909311546710727
742401988574116499491120163943194087158592574364023877100840587422167132570581643
1200981926276825558979187404753631519925429338327757039284405934580171553601075891
540612314635761461433696579129842129469647738162337232972241776336578458789739179
651791163573545406261755652306485342377993416009997935471038449399615011106895647
1720570130071732831570947360603198961660182957791830416254824964074036592597642227
3538013276161333987186335670458153263727841191897344134104138105156530976295507127
3318475955998331425642527569247325048566756054134516554665316672297947712674271273
634024528377126435822078053290212235148854570926019227398137359766971956063036843
1893066508165195869619035724269634709031626875289889477596770958855035981338670547
1092563467039811322004429392787526842382378382257272586154373866941520444949230533
846463179114560980890601326047556715518963237613304960049233863832402108173412491
600364604789312101740148555975474824626453050406587156701907047334503143092325803
1386061271620444611821048393925960593022025304364213197363667625765619888464564151
617706233587236002651702731595003939788149291406855680635890227428638820671982759
553579314447444438194121087064814810717590371835315298248195454435474647559842849
174119659565834724355406659674162506403533085729811149649613797166648544190580627
1176073220705348901206593868485613617864909308465490597446900226607751668454576187
1961370345588088448318427149065784776315087034420660155145707177203392975338229609
1305464285820249515240559219738889985482891594068800009598081310311704208174524489
729833365876043413188196622333299012514100237068901957030768053071862833669845209
1328766057771219626572061194035570661948281053773594627125251250439083149512046341
1919549043159960621468779823676340395976269853710424148072727081029372229913319163
1721156398567925870807597105323053941961477284224613136238545750026751843179308339
1993839755048961771237351395967561535817365190577618178075739604260494975573784927
693862028500057646079661393466281116408269850134368094086971495662388912566123707
1165239617343308339614629323812900691193905812776430458255237678163921157031158839
1210441148312333975612917146868327787834176435798058492714372678945021956715413337
2347020273332298294425298876904937041682920974673583564426543029048953406206432817
809237388126218459055910022669777421500856057875336157442534811514411956360891759
1713078474241704975018515654745663183835788380170579893540403438040825770259244001
2003928238893092476066450992417763572705446417492915296959124908814906628039978153
854077801970556011390549032822763366209855915520405330570376838021013206356580187
2845213385696042269218098226055106516788825953888271164769177167221790774894691469
924312689507475433532961701767222054314495244206490163650823647512005304359309293
605542340110408205044337152437102651362947466402247438907316186167515520828822573
3821307007644205920645810555337352520031079151443658320912184180807876863933108081
1314755781961978735070290550043659206796219486109126085303772346307958922600332971
1778920936131380250083252956123914703017884767245565850055841588613922474560321909
628832710114680418622706192879427539675720973805167719348034606731999368519253299
2419204921171238714351845764363592259552912936018552046149901584414542936860967379
810360589358288731626509805470458275209464610824147349651734148738158507013252011
793756000352534674483541473525523418724544971142185919683592793150204846870095219
562053414955051475823971895602422002582815830893659043451555175571544156669752493
1609419056320021977984330798669367479675326487573971280244544707163256030401588167
1103466516804306457983389713510717999814558502070643888121348285295850497857742187
445818318772268147855908292153319795915635037441226541071531996300284391866099271
878576008887230548195463953293660163225947725131145914139227179248135386890522539
3097676373612854702263758853110074578351153350782226756734714035872848040631504481
1325717429525094153459832033166225755088129211349935039902793275357712693537975683
1104257952340137199150629114202604328314244375706607983712133168693052608830675861
3853617726645898371807389097170117177716143722210132932166502423502167066320237491
633988668873420421102455100334840583431423538106204439554314014036264089608145147
877491086355922746825647360821144155077373660060776584862590867204308888322661327
815265420942594996528511304295570647242173878242504438948589294568392316788046967
517070172036773789019166052833663317078103624911037042199733261555585603436368061
3078549510747506021769043019880348275615482812144283440627969595913829846856113431
2397665364981931810433073979889170785653563853915691462626645485810445202170637103
493879857434361595313208580570138456553811690649264715169177535158426309764957927
847712671856030349860638326748393585833828866816339515875007505698776539380428827
1188835447037313739918648310828486111213785802581730531754828367609650341904054377
583778746940539052610961979652269565352979679352319702887464685899321858740899427
1220593461736219077760357633547840376070758439831887253712511203427699497439183299
1398788985963970213781214440694587689214197417423494869789461511404738790810383757
417860133690970576169778331555424622610474567473406467028512721007157139247437693
618318840930949236815514819107364400667808526482703385443781820189416539081066733
4612559909781153815228027038202173215200564900824216677505150099813847136295645991
479885806479733412822233125329707652667835834166803559343381231484872766399421183
760368257027743582707420764730176167210082354934063901834033464486941505175326739
735770519186601001130244901866559895335938221985782364879385026428123528243089049
1453587297123796936261544949119901197953594412387060390211926776516708417186811777
522297287712646619643106234680970634556801758948413441174967106492567566722772617
631164129579284679100896917868786646384754765032213045354812919071781729168434869
3733955881606093373371807119179954707336713382475686017938858073732802749191513131
809891362019454483597054168935722276350379744226006268989849055301057637517625873
2289202595576405394146703683390403181605607369839552047147620143467211063643763941
1399357913513454495886945202842001416063026104126902723035820924881904758840739999
800179062181233103827656019258592405070186356410200991779912196808876716497392667
1800243674832033372700512310909842232544699287553942832573760857602893920476995907
1000869111530236898223903886837177723048639751237521373681603801609678575265352343
915488662046679748974464499662969810337508754169334475996661593200260962573337857
1994321400430945985375230965727685525145195240545557715399327178108541894197660181
675494565492079586605378862048138352225066184626287532773499967556832269633682019
2084356238961333960196348425772427956033755658940480831683773655521549346833494393
2310327707530533143409364658152703109854977041455382757315576598501126424676283197
879205556763789243754860473679570844679759667840700004684389771172475312019294507
575927091455686469396343591223127225217996778800316763523280158075050516617405231
1008052606465419733781944124010585730533500215847011186697305566014366348811350171
575241841681513724068621793443321387673320952383889107467546994401725460782752573
626095972972194210665035845289620422223614487302588241202780663895156310020629397
1006103141558674856129140899285487371009821416207721842348017013458536685428961953
677453030772687175601317568394313586037818583857203060435936887660381572735908333
3705425751611191645730742963028456534685311000249422748217373673098854892210360323
2044144363787003038640608782686248443794653190444003395475797664065228622292222407
1689694741805929848645897551541646502743117160413164394498593987489321695848752719
1491813622007550372913214797190564510347674105026861236873650753827053117368782821
1807121284343887331310485324713681771181681879566956395012291736151487046985067669
273181110957207177999750010496700870030470143151313865539436879470460928972526583
1060050748411549168455957571430053200579677666428020973705755492527401646895587779
2212122954727197344983535512639993428689493904076014160012083210149579284031395363
2116809234262702558797341207654372788055445607447359601154095047125874276275234311
1565077546127566308917394061183806693406577551276568354120670508283920101822482861
1320586787435036809855788585702581707312911410993103051354879820602381620202744577
719426059483855303046936554295805299290500129564036511370321184622445570710198487
2438949088312712309296419604062363939590626467376482504890276163789378763110377449
596420908116434558492243327905411784782509672182983163359261481338730036930012039
2579068335121911643834353236800287462398962437089306265445832816310378933061243513
3224399006510818572759533637863280561054729189434878527469595142759003215956866529
1804870846469131206846884451851739678769823443218772945956531156157112151128154463
1156077656916388829506749414647506095837172160543726007133791041509841112065594311
2434937261563580095385185444066546649250678657211641289917822577012689847705462417
1606251874379591231862221839939683205906186056840492107596207904818451584836501517
1968844755258884380140695357103275818035543038162163902569222969881008359590249101
2319817884667532625526147960699522070264067361325467882303472447452626167690790589
642021962445842174710785997784095420891442640286620211827814432318177740076453879
259965745133652034452191778497553595899212474824888957754490152209322723438422963
326271889918560473537888050517900565778873034498743446262196183649857965835482781
261464225478281065010909446084388961828846046145694770751688317126011483440585637
161086373952808020911990749984999404605460477692721759084959745847299479890477633
1000341224136091249389874517743781649077826113241833084175896212123424245167253193
757481160966950964327526451564954279617313529459235971210937869414173651266881449
608756265295619503760094956111675999303565681876949837568100292942096498638179327
3408870765804777974293144040343098375688015170277951970752212265735849163011485099
376103602702355398386114010182113950911758921867564757287601707114332216215166687
680560412822096765094261565476540745884172343730513621174645973387896069955529423
2029403751179126769007497667884539839238291035523506058906584289368620477333002689
4405303313730549863657461210123727652325208428715184766346762926198749297019300123
227260606393494703984351986817639762928717306951684323515657158503736178117329753
301488183998858191642424479440082853500456604593974944044704975171311288118430031
7036449678426077633473551761674605946942418677900169716253063672751428329830742249
1089925195614373048933753471118019742001282878116324194262288452935905839267515709
813891677257365298489451765049817276957589707762505199114505393669120641882209633
1056724738009644594711190174090360799008518105135320350580484617102304808860267533
1707161247052325097840742197753143659792049348711270386101375645904463437928214971
223727290743413932747632784077897516610054328989798463502811495220266304351344429
1308666446530616146497897527578214827399118226421512196866982749395175549528876913
1224461442018610113039846217821524133130935765614753328179763349486455269519053447
3759187628013199857961531147444928273005204133498890301199538187433980450980819853
304846859801448990003571249533714269795924520144744393681726945115364738011823891
2018865385278250714401231333828102188829642445921734306076325509865355860062086503
1172651469744409772301664298041869664307614147793051392824972007960341343362172079
5737201322489199555355624415380796210316943804021774329308059034528783218642475641
1016816074628245710783853247423571494718933468769834621408207273423650110676671197
1258627720269705486617531773110871347605442981972090584844852501701571942559298591
260572039800842703348412495783170323145769362437133573923880648349929992986484687
1101700239981466525886279142539947019587041553565945571869339485283053977666382213
862429222810117372815362177686011938324987792098965587352269271874999477181194097
1807463177941853902389831722890619069448189214729615841228093522887843978162991429
854781790633636408032094976042656924221969257131690626535208477386755268798030027
1243768456215411522356753769075799241023700676128756052497322009429287769124620281
792917842493419559484258260818357556680445479923395001525335634519981805191800213
2562032180389490759061288448462066747936867728532915565077921871880994198845613657
893045129833818919835350444952807707861799963584970986326194740155207550856321389
563591675703183220466642391791384289203524885280182355017588841546175268822841209
299560871706357258638029598471412151586564502544591342603168808140578854643660739
947630705751726836223167974729425823557409252368052588900294937905135027870184987
1919595241552663818825446521411591477156848337678157223234128546258736229666747037
528688867572224519194317811641475584026663889809067364146467696163311728220237783
486845505934701836078329795879736374800856980469402994711648540825458029747830687
1978210940283587230342176407617618932839196015273098810150330735226416794814250421
4887440551965690445568293887294067301786850696573640318188960243930099157193139157
2461267645496505195089961271500924584862450115065054606732222139702479336622760981
440489929345641976071700507136468444354011422341478196701884645340503430678897313
530956034614513103078459472677854349130241564733554478786253812464781557295752099
1054687451144908657346932052154528289403100316191136259504071588878978486568138483
1037126463848370805895758908858263449431492586666788116526063126798984856629050869
898360198257334280529341214267723047550513274701839073866307767655750093158348671
540870307649756143090321331469063598889777040065453294640175744157856871440364963
909104630782585663014811912015004569249279036144206276570168968922252469144664197
3120637293518654347458182501156931751735945737481907717469890445397617991150161017
1412906823661299399095734626404824644014575010132620674625663487744662424424085291
3861517225132610708590293545874001139887824850165390358242069968484969735448333437
2887212091557634489121347943252969496334700124751694799832200305158468467879412903
1703431586951944043009327899587312259777629273717225981073551281751710711838050587
3664953145994805909786233418449626034188442499272540016574101804484608280938094487
1943807804552199850110543023844267847632258386590512155970415267334778642208919959
1343919900965074620786947849842677290864614718821481963076668851038617340116392709
1909714853910927066957406005274554863053145801909788972945692697685084602594847723
560410285950225097508303181045301230014798281503956975009379398777505736152034967
610030541941978477505024918669635797236500542762948516730193618575908119232181343
516531795947263466981448639161301160481171547560189517046231936159078903622312053
772020356573434952418625091988335436139839792750529874204431758110071254935044459
743891250855248833615892189003812957273677418777614353405594127146361765302764789
1874909892515712975927566088528914444158749206096713623372821841902281636752957829
2073271096657534120728917579814465834255550730975069518513750698507698708305561073
1300269616845604823021511056696299038960571958232993765526598701355259994694153707
1088681311411179066646357197654570805591394739748768865048770708950064131409015847
493576358920025619719233191947880395838387312531428763964852467997083117099058991
3152264006901706386595773233028463856181001105724895217485220498187516397686582597
487339280318310665642696163544885817188664456497206113119910740984008677720477233
1958689462766912976795162807188012178147464758143413647767444320356013841753623911
2015201099721365592404088086867862349317180126266334466002969031131206270501736629
1405285908686039138721714643347959191478673998790334082539993858470170523737133461
3527191089999456551122166472467644489857567701193118663067205882375919955143659769
2040521269041792964564793577892315825221580475165341867471353550802847393646908461
304203056012566840081518259039623188146970758265604430980726446606366943225915997
629319094707746224311839591439371075406947457060105787195008403813971565801676923
424489199829770969919978417038612852737790709531927324770663593713569030826934079
2669115987119481663629269090817332177412049186686945397257229331801528631394019099
2783930341071160129184298620885585085131828689173763055587978758747985694852848537
776549373673530030681920236976413265928102517466823681046897273181682213087376499
1611823458480944557448638668252183768764617227421255800588406717248807181184041547
447690349523258561613030187040367415349623604064449608497330144654806761648611893
2562170372823213168879041804998741402438130583557901470281639168432850292400344281
291528387788565057407404835142373383801257043696496930036209148830710596015008467
922549286848735941465613042487254927361876896563724620981607207336255862631506173
1009848342251109715118004054614702188107061596109211945886724023226655601280232677
4099795973731376190474771023642002307208382366313252162467350153896162627297267903
