107448055291782913665910716563
136558040056128664410453334203
73110926429669545284262793911
244208049246793421648493963163
184061583689441195492616126421
111709714593001954436151482291
258370703383262358662911286597
1104180944492444403402672922551
878438107723244507088442540543
1072654637840200281482828779681
1233289047458211193504831019799
318866115230022348533009454947
1252044444464023702935658010687
137474790377602742329852640461
962740575016107645629448063387
369260143013923717739524707601
1173046183981961131604618270147
192047340007213995645243328307
1021458775759525290522638716945
723824675735652682008661208833
647574407667649760081020236927
362172265500296937990618687455
1016474786802172633388660985127
94909810758779500007499857163
41904863441367385159165192221
1152294918802316045132791783341
741148211220959559116329054509
292854354638268266934423784297
1195574619457274246016245551485
859368815836504659579559647985
1003540826556263713370634367027
42720735300865501110796216437
391891711679618912167179331159
27780865928719832416535194907
352682995302853893816471920583
536823806970017716833229216975
366226132430699523683039053399
754366309190689234916240890335
263948177527190833740938991653
193014173626452125894071725321
548433556463380456771533872709
502867237723485967840533064155
862612997511234675084372260195
817630833978310640525893517321
377258306909505675057083605665
1036707459460122144324739300639
710579724810516722395184169249
509124389634720674670366640297
495886120071454954229639613999
612250616106101147558174695099
386118632428232737360788493087
528131215956358822973685109659
562323544751745750202213216823
607529954807658161028661742059
521977981370824662557501458279
121134679253740698945764020729
905973508949260045266174292291
1132582742102930378411274960623
30478075761034195930154700147
187020855953074382058968763369
27681828607204336124196958463
591965453324840493772591562067
386252187603322635093230360471
413721039068238611647809165503
1067219601373472802210455076521
154026292215161836209039659667
1031302624024986645179474008209
336961992838786556085725008263
104676164265877166093644028679
919330990541250182466124802939
297128780041493563586387042449
1136806725900788800271350006663
55697484062642075993702184133
800574624278534462130359513717
951419709652937489252474896143
132427320199149326880121859943
159435152324211131192441741211
687631227820760808232847375181
1158757268706624624070350837737
976107142412011368613544001445
1161752866673554511882846095501
1023033290746768038322502383473
53801237162268455870739140545
369473599413002871615350029623
864451727326483800967957161479
1012236420441101244521512961133
779149552887672070374275272549
473773657867724013935169375725
399666938347228167880911507705
717887144936342508982342114577
899781709880926408528278081829
105579749149321009663236512013
248911469538411064711532422989
319397306575091209060641901695
1046935701704937675055032899649
1041753472391883731623509263055
655802341804526125872321587917
244973032679415080872769809653
361381888476775469750952295763
563860356127434942951461401057
