2275330988252199594591816563900057207460520108932479909320327461690419228061631606
2055878005737820793816322958796249340522427603348336192772089263642730487398257219
5262555762447937714173376104347377926739160630633172775792824164792209339213352315
8683376213966017800723482238134977837845549054917342720171396699327747270651346887
21543288679707153469793871734489587085720645158790553797378109772904175962798744959
34376850156258749755250892089460140969538947634432910359634165639031954299947423989
37458109443664672143658281512856841121708062708646445123518587670097431974625991313
23524226516798170445724472716854237100235123315674888105912349733066587325049909247
16359256703647484596191333148600609268590881718074527935818317924361389161697480603
22809342505233270641353514039423680303339376780322636849746104599713966692311898193
43056787980403661558066874888725089266745419288675646746807995256798765026442867979
107445724006128115133295176065637383862473918000347884235923446631239451227780406989
15336505787825314512255304434937258277771327928157850870234331904831619918822811253
74865470019748534350450918683072757963678686277574253824076995252331428389384206627
46976055104203965222355169452241596685011054697905730044949560547400206277709962509
35132909921198407299035941978749087013792497012763517555483457869940251686133881391
58635452547896796008226214480536702240610120337754001239221774786055709889080417067
179799415446898356485397491732938412392588287090581358023403298690236800617158924079
89981603692608812904312798211594471055945069380964176849770211540694514782190983023
70156512191949909999120681328136122764171902847426284650054852222688042650302028993
24914657182726050828693571643540283311958970675644873021702337430590777744228292117
79906515228656736034788228326945074852785946321372004861624633833009978751964301439
104936343720707086307207049169600712911759963201846177493447124369834329658810223649
213124850448607213315636548396440149453925767475401669834097807738994719741496587399
131374392618090061024381782061516367735365529546914458212094212913751687342560438529
115835228779288403904155999643928302017002665688897854794964883082974919739715570069
136192893040591152965999609194440310969668721882458814713638589468393794708996773123
270923941697781892638804020744566905896271045728023883977481485739454905949341196977
78372152184029204732821561182477849255488084217073585687205965673884888476378141229
105536508182628894689821669145171372348350945202055829732182311193729440846762182927
81508185583133767078065231436783466038397431354509360284045256711088654005387113707
87044773503928509290047436350688538995208425566793729793909823598125232758320708953
173610507578105390111085417344490797158436267518900638972999713045991990267655181677
43195850913632591825620646814550047862399351134532036885250896451922310915972135291
155848118048580676066697886680609505028006738226766329933031981802108223194538024747
81468714128576549055981895805613426163077865391506450545820385515960822375511336197
67433776336362675787398095207885269087962617473446876321028881227749092245235294611
255699357394340856161301676507227370285246049092593980235876797591516807992700543953
214256109194475642497472352588845948066537906570387476321409907167720262798347097519
160217936721274274074758041395714861346628393019887023310565192157301468568875046907
95568359931177644291299065035539038109590745840035470414498875493128701246183806737
170657526552010018510529195541775407365620374906729120273311837988066568285225369243
269241594189139945467961715534569472195109314161733092278804593892551764130991627331
292006169866636109731830355904005360525289110102232195491231671597295046655301167089
182409485670723340045789818528921989843360568614150021543682118339240674872779660339
323478085722053008054201747157213176115869065293996910068373431936204816309401908053
57428169874522902553212816970849258612574845639073208863807095341511608407544379889
448710475325926298515788175183960514506553170479620247137708219620445028811068187109
642295718774812710522791599763123530560874526643439427742620912699105200565912322067
601663568915586844397350004395909795463260850675376444829512683593033353542380095997
169956563284035015800936978030690590449888440743507698858424493502923364717496568093
86115782862532618672195649081830188936265558545437188544213475915817354846627039919
101761611874014359950097102879796186016969361712774557390827222379712222668657830483
675683499972001153508750243194044450560149446919144343163654355794756139241847988309
235907241356884811246397077337075900420000500255230707106109985203703564975811896247
123166173689769055623196195436789700528284409838055330911487603848875947748220776431
220287935392032118093782752942505521873246009707189779517217580609146011970330185313
141678424469867465833340924771519500517364795132913877205482144029235442511005519469
706206031055301716993385345333428855629822551048838830321662070441618199534678905049
220546184841989559256017436921433826275884543865039567056426845772173210664222252111
308396912715382867232630292290859965416175965530767072762007401752317701689662704533
393659608517976785339337811045457641652988815721391475441888627415238134304978947697
718418952101455924710967959672314378607552086561775331361397187057854130597009838917
417989852478107280689643585162889722894843996393812259160346989646176196613543802351
339486338726336936328363690009899003372759550924928246086417485493024316577202324437
362760522218009501555400653707679377189852268725339650128299945644461467833691315417
602689749131772711838396895659497094281312770261262446708780973912696657526130333819
1381331083753167170416397358026392353422756585535909807430101290436342394056865480201
146888699083683791994631228408075665122738257247371593581052558187223770257677621083
571288382888836482485092611234435893939452547372520238083530507589409594748794392721
211175207472253925233166053533370767291392301033235812975622311510174236072794336891
245916575797503592866048692048681359886772381157332625090612893442597658493284552773
985728896933052267884211438523256528710092231639478370542306440052229021850096365429
144763721466107932737024841272819524436899074135186716802574041546305356071937837543
255357759083515114499699155085939773188845303671703802603708909180784192523987512021
314655476554409413735606732275982499311607377173605339789607741599650086676105461583
200951820327016604096719883449077156876771453013457655051846303903661068509142020461
998607247123940909830830561966182775005217215607223042658628181757826880440185317387
1488682127644395480149386506896076223030829021064598250460283039029632690998572145501
486412296064479170140056681768900375857286789742687083022577561199815099240047173769
347301685505215125024557789711700032454749806878217309221565783427573897851556114393
529347824948589329747410553137261617872163018977932348906046004756697702716316314071
1171440392217708452544172245250329614311817654737286611214991094164365633943979355783
303640790877316476660171014394200339202659136405116401518377056959861783686107594553
186248760545571843389158275287030637803792791279358616434510659200703259633614197121
72630261044000635155697496533928578748690214137099395213105259777364477174281
440872564244155060850070118299479725247477298278753108702645234559432525496571807233
466600697210888048186725466284652936133450766949998684709881382374125889395034603231
60439262972347632878314202365512373849181555484672061081148842450893080336969
191838140300872330049574287142385892041125898628921041467688968813481817773680098609
600509540245607410111460590929392000277616742691737652940627060883369796707857621537
956001355210963195832698483227937571682108597742217448591497024057523308784198413473
113063060163652826383398211052497549455839314861479559065385247702576850047429
182557793982114276294257752895603228716463717761711270139444503009760872462303846223
383257281536641402608953231088879420684648497211390247786382573031900067516290439051
485497108937051688035688750279417993424152349195214154389665328194357309575456796931
1406790398577505711564816080258675424470201335035956241700831051318121447716495903681
223752554800065127215422796218371993104526257188977959540177547168514215985429009237
540265820302632861054333723184151894831453194175958061701515182765741297390528632289
72718552589897601664280802816747564945472443298977864048506834177219227023989
61541622342312406129341422676482859869014196651942811960522371068391505843299
308071430617433754207390175732541848694235381264203176566724434458928792477307120687
660865160520408568163195960304199030174980424409929174615706177869099289701918000223
1222508461511318562576110665379557561427820458789945953320017767823614845765667489777
564253153528718820058251041333848227174083290142610997989605546705101507783214293757
547165641992508435106371368092642400892257999117762995702339243639391263181922339001
485108886997980125860518043389269561166338880562849766975282151800880848574620860001
646826283043185822478440935368604562012656057837506356960219797073923754028778832647
328047180382892654985876085271018793905024773047902837578009822297796450130996043679
1218404398940346382672307622023020504590052978481918875418775959856006847463651336227
781775453800864733843090371608000437277036107773840085981641989604567907505180344507
362838324733540506775185717314783604420411113308253362577527144293775483805330583923
761690917860060191036366326930303127629999114819024340228243880796959470595659695573
94197092761191344359761961444251472450679748034676504557377843569727791442121
97066349430212462027123852193506897616352851703988949265216661321953290936103
284279496494646945990944317483179588569997262019844175515725119124215744909057790461
517842933075854741347295828569700283572261473272022537220949787227089482093098121181
487124744367806933113843939835455821457926645898832178678922016599684712013716257949
59080052101914058468197904735316863197914390059596350072953056541022767019987
486249892304412418941189545719457555996073079020604114607868515268446440624889605951
962985092368875946540903860984573465561040023083201639080739293150471021023487775419
244529544921488153982869762308622914837823303765864179916862262099044832791521203667
65563207448253174198868506614096571598909878826409076650512060734315691109971
252193889340853273310346501969980865322675186926765519679950284119929814932666385673
966517244450732303264215868017009104699339714663958405852108790191420794758299967879
707603626867467040459457212359837902228336131065569095731043990300226946572923538957
1460598122736363180195789632044825598427702693247722131705331453513892956454896792211
688783918112384610354653962083178978022807037753662628717672406096139019939851781913
754751829133780350623937875330992625638681806050062945965247556843976567918953224193
176421414036496373513876034444567375598083759225116587830037563088997441385636508441
1002831844057460509451939841127963904241694996953267881197741128802844789821103063801
689604520918035234649908492112273932629963342291761703976991296772876909708517766821
844652220583442173503370160745785022468345944910129402473886288135094004392897399687
401841645966656189361148046171744705130896679173200889978709876666040065340671531701
418346734852603875417059190939012985053805032179614185706278737909092817425076595623
76216258030762583994718029845410493488597584706249434270275638191360965172449
767695934686547812231574206119530955724086448815963040274898099228648114320148513769
1212018499887555328949143771663184283998587423260738381873580718437880401209328896323
74720060636620151877885715360071987866516825309221238817210029454542743290289
619480055357041295288975088035983707573645552159183178644726101096183230480983705029
410678101128102432699123135813915308941792703305319779689697441922364380415668402761
89885491080522408071317362538861387253186577727173837641593507163760538737499
501460149869238244093552692275764728759395230851989953978087437654508108004512707271
75209167695170054304843260461694576380152849604894454434719622897862243671091
96259549538851059138825256924067776577050516891202967599339262903391303872989
106372203641486410350495669721741638031679028129337812921518618238643932147121
124126745329443450267640268503351590887893291172664796260674603277492269192513
84433753641909644865069167136011000662761131876308966373622429420121975550383
93888242295591508707482448829005930714666319968212165746847175005342835645319
1647760113819743325166526194404341069241235569798380736315210341010649758789635737267
219412358213760447183145882530464623496902931707307338511683934923424324486657
787403343989622302973667017256187355884176569008779546436906806162166822232600334487
127615900833687627361942340899412522069385921946430696909503181260688422033303
61495649157598937544678049134429532841279809055089125134668259191650844707631
510940040515529044687750843700550692351775240321307904152971893928385394275638788579
959365891086788411816087641790178843253624169136749869644780248581802753724340308299
768913293802069866555814172573173562955127233882378387165402351265143937624216331527
1252009620999519382164086800200889374685097752699076255230610260303145915445721350911
1159316810293059930269797050519525757175015679598715691706323700565028423708622179247
1042469539449792928765684794936945439774813771101956300103667649488099968647092611533
74458863158277621009520810086528750246135440868656682016281827380715055580373
644796223149016027830898283457430120686132933192686272090536577800282635138353671439
191591463097978981959645854987930057899562153468135940835878785932081551357121
58369748551053532033875974891301247215417809607011163146286366798954914117633
59823768489575317989757316953213509130868307403709932472895213977490467907281
984710425518828514716392567557120372365697763986807444576992699248440393273698895681
1217090086569478373889889582857543946153995257017941489109548733479865486096386366643
86713978093020775201924418366153377157862699870802438939262118789376641220243
701340167505156373019923073009730683555190946153887344997540775318478861410204793687
647873109718945330727589015016796968583787872132259588161104217266752179108274374623
1043608134213787268793050655145589138805325281303159990115346621795561584578192973201
821282553774705340638918301323620534289790707457609253416414900831800351398075414543
1057277599272452205504638828761283908473638887080435772444055471253777524591222200441
961804989349799020052130640688724747730327765994655815370923832449034633322106757361
85027494282897909432098890388769690952451238185411823708141481569824595823741
915120429827293274797218448057001104155685480750326050442754173035009028085612895093
156330426246442335357232488485241868604450679172310094635145493992848926712351
1693612882741019874094043474865043496063684403649668231900946841471296168014052756331
105861354841977911971339353702371975050781850994970548301584096655903910176681
1059005593278876819246529754065703704519802634469087945708978640807360914033704198389
84338079358169414994174572783127692641558453416172286152240318213253762712569
64804228541136359735615084853450399311364035097099223541070758796211309785257
77547736988113591444074937453380575271251513878014981019047856491784908191743
456180270934659284168602812891096115379175547429708332796519674888500875859307611669
1335347950721477052833274145869562153695629779232541681930938133808173638051640950143
463273336539329679472748819981601280512972451600952924718336643806213373213875868973
1355064407686725686277480411353682345860532864642383507524289296730479490039023076867
1062973777299166815989783461647399810038127334766163057978958304859184111992974209603
703563909513956180632401661296233662633269759454935164063620765213258712441400456389
413533112261558388398798105625333560252382196827932769662534888634582417444229634279
93903549017499825705895088155613063996691205390666600972408851192983509013693
59437564662909220521912371486815842181187812618143829155789925110958057398979
555131607119289340953357498710518141525245111469460015098099893317193257534867514869
108434413465625342160997042273813121782491594358837189052837935510179933476359
585710319781375187830008553690136556999160079608549203418841780395403931861541662367
67934238439580075037740107168407435375093700121015626396136679417347960228911
101671007985365267657743151931255291631057341298990297069578499477173147465253
77571248376192759323038321339986746643006850273382437933744584001358576027809
80309205370554485943297130806950185943757860447738352922683705191969215020107
1209210164425618867665290873967039242199690077928976807839419236712023096244670936463
530528326447081037255827085656879781688424193592158372196383035188412666614049234511
119926901662999430467925705051687713134690184253359265855372369699404219624793
1476026656004636571193910739012039660628428458217628633059248932671663428297838560581
71111271720043777727479821828008222799998274360077006231841062204034690344827
1376575238391281627672648775683844486033978709168219649527436650699108286752572979651
415335427311977011812429235679836613513991441633587925437165476022761810176406829959
625198790915224285022292437586062310660880802920780826565428953201332481799045360521
506559199094335392430454673659109247752698697457836542554855664536929508651769917631
963205357987048456621210161081843813780100532887092984628611153376792436806378822147
1113902791372071700326176121449991458698980961194097467001514948061528371869100833447
1330632351134446129138579178994562690012950597722057155487829697695729457946263218361
421018017643138322253033198214408055692006316790395599391027404144859526900693799673
647183795719038307917544163211771277114922313420729744119911031396839465923359532973
62052859004789249547782436837061466479401893495985616966216745688654850279651
105505107096124952334337059459212677723125075753127249286130287740430246082173
542821374122083941699957157000912355653052640130876339856946037277382007368882554033
60155956450981661846755296195549246151670053448427836476289865453271465956343
499822820076354057885642843647580832325750884156193421482894094814015373694775000337
60348639795241722728816144058852855536836239523443016979831184026461363316551
751269410316789557566372770011798239738221284374818239300904781889875304732080201921
1671293867593501841548986026438525864398592580461876679575674075715642933725123521263
277983867677828854134889214693373069068216778996577681158779211366219196644143
60597169332449917879531279403646738613667761235537412081220740034651456493609
78410423351975865721362138340595613067432316093596405073382854522896373649343
86956761978896468263098770698358180843162785788234740111158382099323750419809
145782398596516178007773741444408332901528534829170873171461795371627064664009
993070415210750669882037056811811078632232940242982617484267623585077532004367234481
385839436975160192123354878135509150615420772912026738880027487366780712119693130817
78268779711515698852741920079524203628870220937143420852747886375668772656531
107743184174226835976957362256985566184460727693299526586602170026446337077773
100121652932224277845558298896598910330193133257136381690516699933503227392641
107565472362864577203459554735518023294239138049865527810227075161604075881807
437818186478765695246550204207453363445028431689659819939792013753548282868691670913
85007282066990497584106418278163368215955212073274967458428703822662123820443
113993907132730456276267086101545400212347105110279802371282005055058220296337
462417045728542177452555384041942214553635114880653482431165318281755213323355132749
943846510056339904229356593720592788998779374402465805372596375946499927826251391179
1551158630518636264582485687895901143244375121744375564836083948421265691133564360561
436807021532615713816353939742408246059126411972656470633138473924615845252869
84240104148994871439146160605986719042161588799154414301570259772982222698067
805749381132083020524262864447768934455523473752340372000222799827854045366941794039
68374165976364993764042601982489476364748410716471676956945139502438417817221
1175717736347456136836090754192847085056182907233822497252872051923685855611961011407
60990092352183631927695095504523979024156360075842227268084514002322071167851
63449734956370722721686464973525291242889104497484090505717102898691115093527
83348394191562603504329908623175673477567318815178616308098269135936104753731
1349836422614349133838981206285263980359818791168945739779613197825478402216273445339
102016273387441158440076639617309185188257550393402318726767030668614224078857
69004084477375105422263885525053746240316507715528959048590872472476480081263
208654203183126733867980227884599739612455258930009993793766545967287880133247
72260824858246305280904915955609391252904920902157676643960002407435621317121
98879188118842098726101655349139782418278426521917753971420158774166125835363
588343553514041916156557730368501889912008654490912074103469099220739439512275162549
62767419480272411508351841927832603980554556576814906537875949593171184663071
87435428639460777346246237222472616658331797348962847317433815949466152853899
89900254343011418399772652130593353903184647935101957681766213140462419550231
61828427908791640325352438162820157466535148501636683452614904223227446274611
600165485451052028032820776789851850160066118488921223914181813804277308955503111737
95980928428766272148878143379020060408127135639042867081540881642287377140869
58847720558315149497004949485652698386492365431586247310779538157717480049509
82242941618123827659403886052860946217441151919705526554267653079424376962409
71558754572693261786205490159488924756941557765392583562852982483134810717933
65944558406600228589995562691566963465333895467019886958146965720030719604231
61585458289527213403288849906539416850496879304680966536030539345628285909661
73864674410478771336316301840659128999910585213395587715707799198814660341571
115146980876125753736328519521934698339992906577000260358342876293457362736147
608388413830879982044142466547820670048632172248604152051262957798085852238599723999
919279380660628613741976166753285116863986563813869480808370193992467345142255908761
67558545947879638120999460177564902402740459089212149727226478768977376111647
449895604201226761552019691866276469176047581150383995805951987269171916308899779557
155756336306498251417578346095660027051805651701407395599172010703677983574537
232463087351900357002160649091893727667660640008496496788975240250424961097933
182689753349899780919551993890481611460024230533638155325580178404624947570679
106568817056102420536763331037029993429786049661445388090346719468944461055107
1413824669051303127356443654674274213572088863195614152543820344654767492105886645621
66322033248557949034059628224220687538477182454667397572406644865794135569117
150604677136442032781665965884864631798022565953167820763501206889349557197883
82994948996981195889465789564318354705749481853119753093627763580647960720399
1019199739623441264654173873718475757427904822093171486064399353201585472148609350413
1051518710891250945122816514025529260704466224350796406050771351971209985058340270013
92320460105771118879095814783157527534695673390590418031160588199652734027521
67852958501474388693836696834087140072727152835129244024960339260697687388973
68287008359897026314758652926456305062229654340369595994103035311432282390197
216069380944505892290896500925844193657623315660095874906976981282880576419923
130260372835522199487977543140576693179912539732140966358120202194726623350353
1212417402067647095795747830871005835402819868999766175022504421300114175096757941621
80722087751324485625010490744004678283956985091603139292739026396290626843669
89381513694836846677198053392051687698652165953727913702505273332148365719299
87891341145768692448752551992633614291412095434190933991358121052102869148847
1729277822927328688340646997410874811527584360651788208982249369777474635712874253293
177073081348514980594864230880047410568111926108413109363258884672197081582211
793041374141516037638075318388832405070701134573821335684675547052498375950900149307
64521358741094391098085804564307171390795609412672967570201361293641387188669
174397055157428121558044061769108029649033153500543604960258166053312209842497
89091849536946592063103834639372575572553879861079855216995309319490408310597
100034283308053374362539185659597886829695316118675401741467053783299889563787
71341555399554412750166714433863975611866594418395140871442286287918334666449
175326962660825175723241829931739748135644396584743890503142427990406163218043
402496126744825160404010133865634413838384629271990194575612737694275987339142013781
174807738172825236462764143194480453401767598156006879060712219143238927333823
848493167059951538081966594544299363816322275546737719589728253173479642111757927649
124873921218891749614543449287963695704229031043516510680954218577499123298049
107898128858737502650093201873387111135080656816306459340015990536716095479051
71824095849810429954228135704278983678452049830806243420544204756818923275437
95911383675935175653224701737561972104030402094664203159038758862968371283757
124272264478629882721275827461495592715901448374963982137902877995674379468301
96039448145884973326809706438826383694467943792611470811409022115827425759539
117583516489276117788256007544424012812393761590554446832068908763500193328313
85036570060549090869690515868042828434583257263580467399382379459951562400221
92269601652527377577555341231992437289526286988240467702917103599459217434543
134494100976043360207054753979890329987190486615918198229900590153097800790633
85882398538272801017023461054769349953049613566520060519354212512584161329727
298111111761608142369784873478208356554184938202471420063650153458221336561027
184491014514131977075655733146000992881119138366677538605125984772226233452839
75169799366849934311224298784629406500029568640512300321407678387669651180163
172042772765795775219519006853224972799621631042273397334277144064844189557031
74090069083264083416282321473124172468482606032196393652651077706023159765131
138822128417624342833299509141768185242660967794118621242245206733333218070503
70704383050707768874091318145233742614020552534933747231539306241016760641549
94503586104193504553576490205962294744289944486648883354656664955941368563413
114298140197319127628108235475169106020815684115205912016447397867261634393491
100075257333094357199274577793616765711690299391613086030877948640128906190783
119368450337415717692087380416560038560925346726758903176431184080845435998937
378343538410850339510961867545121935198685898985735338209927005616601935423989
222133650638846571006023515794293053031575311391229001061188996741004587361153
237027647791571148038367502303021324971708972489789106207232906195745454783219
1225750863406273242944737869233230862033663306209879758545669588675350028940307677199
342665465997316283662924723717990896991824326529473694813083393440928453240887
95012090494694779120015504872043277754240694335297740940208165192126038816053
910074665087643033671315763628451789282611978103882227512586917595124655930459514147
430380017740220309278203005866358732277330569702848875370460422755584567761153
58151227067774222161876877912303396402146025487286952098806377915106351626927
426057291621355523263914321636052888552304118546849426271185771683711872699237
93661813132869452267643817649791404691816800429799091381622813979629238960589
368714451576946525442240428540251171642936769486465239122686852288012999031089
117560852101154981386533410662625657600113136791553741872384945801521311384047
225396212772027851422237310513460336093433160319564899065889086639956575568659
91035986543428590337530785529891668375721418934548103839140018073656413460121
81760533089740704908340353927376751971193729657782198977928229542448445702263
96154873272583522464359319836180519308133750210205537079088663056727462894393
88892346664361492026580826707219027513163564014351121403511739050188945934891
69994853884284446872100526866818703974419580079023828967881523812491727137131
69263297129870827223335227177992985725332094869180672738820434181913849821797
874828137739344231485449280138979587112867574652143074735801433961864121823912694017
118751241584936295885370993359735879919268605060811699020245297244153492390249
131077761645538008568468075113621996664322797998439738608825456918886075380913
195631636177931766736784083896161261444991327067579502230584083751273506963627
78903602287001959671751700987571683236133795332514636228342722175166929683031
87155951014547749573040600889699819721141634460823889456062856156049723555289
363322064659721337631626957856815656245911265807341261994782942665269339232419
1141455842595054361906521231685608784226471961620304058542102383072349862604785507061
132616322164572128231030369909557128092934821749318707404747403883085574630401
83187045173021693091362344740242297369101147088974552139806780006940200109279
161343533473831625131059917541306464793695124269781086454240592330713396549419
482099769052696684628364544523964033633207191987868134582976165430377715949017
148112541604150829086073579238537577873134819167036901288333148585643280889273
373670596555915731170426324858127561931425219191085974180720482069576148597987
284308008640287760991363966506543631289153466037856089269060693341276217268039
209238308699382514686040056768631754889032955126806273889379606615173930266761
109403249965961999311805920019431521931567065726345402954792497075609425326433
61530220679723512908349172286134542146743113295177297454997898734258832574727
128568294105375596409274025709822419513559900452855181592880661937559812714559
81906519712385317875049049535313775719306732160490878911050118530920877951053
93599309039566657464220232549652863598221593833049719239492302929825171669331
216366164865798099107548884701750533081968354173039226574915690426979312606717
168986625798854741886581855156286581144739595491316114573601516687487303362579
147587589292310701625900128018388387193402299829060733728734370164188057712257
154700400645019994994678513759738206253086842058550940070780874187609324854803
114534675987340660865480813434152972986691070505060962989885992981214294423679
243061790351909271071274164160194946606185067165136247408724238375173564988639
112855213570509818732797888517661207747265690490573233337885687979790074511951
1300891936543621344918795494332263068697076825371262870374654671392252758819157402951
102147249064832468403559811234435257066957260409739044813900676422732575284249
126823016585702299381209762147203035825853918227966718350985882616676916193799
63589755058023061694932318535143342286586312582000366914987542023596664610619
107809953271856774382947562552069935146803124358695792888764644202785625997849
916325533164703001766264738230403583400566257075171328513048376951008229843552521367
184309316236464768941869688555339996152079449651542573296006642826200354885909
309758547238988168343186388624056154741578512265496647609495340301895508997153
926005820886774501460378480601136948668188038770514272592195195161896887850298483729
76034399513157532266790414072516211021447716041511407164719069377702842585767
82527059406795165435382399323481197522248883849709283968151031824551501182869
144850474460216657750756712232704300122395277082637356296461826762934489917713
213250976510794056210540662286546809295174260693664799762902461277239987679853
105898655463407307515372013688464995520019254786498246338967010600779376132763
235698516187919134375404006114599684487300015931704980115343733469201530314463
171332253296236381740133920541628502707343106082251624302006897740137531120871
311072376877089493902113564375157798478893690068143081490967771810176251429151
118541449583970387264119476968706165689618199429276136634379276208174726908547
192431280622235265698918822628368591839582654104055463109053222750846158510789
1229365474209511777096183896719030148568651419905772521175952086388633988225609011097
557763694319949141626899581403454952969243824154981115757013800275453720916981
202640046609617513153625260785237018104379620859199907623103012609510727255307
251559971024901330773773693640814738561242045898905634257679736162894368187579
160499882115930456357965609915391264650649087406601487668402096004579083503769
406857360827296823995421374507723666926347653812785549165778771470831569494677
71375580323739991204057811296313477154689798113203685157074899264895194899831
1773493563326120904311700969491976529059778214773056820930120870208865795330038618707
267106527934387208437927000743106904349696021512916579478904072174402806311829
153766470918336941688812062855194318903088258064209475559717369101678248442689
1107679210244387077694459221062940434420528007378852308573586374632092257937875468451
195922495775184900466241799462711738452683161367954702599562033724491763167771
73220619757447433907713919126455722119736934401203363129424725246829636161163
1151036129936188716223711944871368016059579511968864933373702527289045624841486702197
196496595029760101650161245598351616883893420207337350272555415971505656273679
119772525141170160923954397354275668714096813288523635550569160751562874055653
68547627234154129281686046039214460118472357357880030892055065354827718002363
300087400063641056581863790447705568693733674300531394992585160700643019914501
87580129815135361840402270625096096875254986161341344609568974659233904294099
141848018293969317462027108991926212272541196081381762556870439109989948488907
99661550658396755962895016795338575531840700290853937852195398582777700375617
77956452180649624485576107838138376173005760088321908794421197713676423425627
147655395238319901867505808400895149105206129204986290198536553333006133172021
62744889108206578420423115749568337935507193300955785177115825617607473356449
466705941792934417140305370107600388398816151995587634576523634062692502275669
112175940279059595741328501217985760107915273088461148670684178388966233722569
113780147464704754606958026233611333664565803836455594132797044280802557498913
117613835689949238449257565748961795093877562783634901117778609324022788012439
184910719494632029322708269820896538433442646483414860395793175601955597661347
68236225253574082591179760430780518578737516528174313336592104938317304444771
143175180194451567996804983219399901146870623721725389580308868305325382259113
491709329552369456727210991661134495608992873859624850525336962237205079670161
86151737864120476563230272907906626563163426890498441092827048625688372147859
166870609932248623196475934986122504870311715785102625860111804237988232846047
181844787728026638072243416331914365768678635477736335405630689565324792135053
395115991791146856563224212907902756069489691143464910073790469802861091680099
85021674073615790274571581473683663839131659922712884505665783489371085363977
205953324521390201978315115815735963842262394844268584842834115932315666654049
1229477021538606303173955838184776343629311223971757062581245202714176044531628434893
1649991075196389386497793065403471543595318251056207299200336263564395214732952239609
222777393229088725016801731539553410476209206196058959270111699712915333696131
189607626391629225157215946936946918001298107867452699319790614413596670727527
104984889364567322004696587672256159671812643441311741617339164403511164387169
152857984015497440759843432239903239361740246565223435619075073600781689860017
63930871928456252977427412333400829835694023657867217136603575778679208031749
195320904434270385261851476390050335411034907532567864249977815846974954425501
978488892352879667746407414259959479712139470252459759274593180700771132568539
655574097425813646115179129918413454273689428217358970817839129656984563161691
137118562374421468507796487011036900385193964690239469173942443336491396989067
180450134713555004486964023282523508636664497556638930339694632368271813986407
201355901915422565543184864957050837652745765687730374561285819414166277482849
200799316953605078996632459810752314335397579538046208512152329402878914793117
201704265371282435755283015392816230691997165843819570177293554783716299715929
59293411994315356726947165683317600987090713604097022114099096696868371471679
99411506158625385695997500530721619082413373785753279150902273362163692213381
276800806010576618238368035569638800834406088430137105806664601262335369845283
148729370023319845021955448865897318063714796138062703761075818645508987278721
734185929175881150540302703906459197027908438694969747904306136269670374124231
236410705824260246219427691826936110356808236742283912604233725932831409592833
70797545249467508891597585679887983261746825129443710201396837969390191871003
179652940194959736706241758456793283219931134756118046976420640554527687873401
816389450536654675331374517450619015989113452903489828321476456455060113336144772819
1539671176225492111585745343830348625843420643387368044037217385015509832073409305911
259453045550919864459986447427719839983528316268517605757877827774417525018403
476463003155477632263853147578134905569260503474347759604061696073868280244263
144537538522860969576622443400772656537252870046141567375484040774649603516137
116745060780726303701889959048524932440385504156942405673865426527093753616347
107766218207739937883770057358744500650286705023609941341591683524954347132799
82065171915022175814793303896353062154170419139808397278827017857458557596111
103318463458795946286808457482378643208027663189492161338098299825119313592293
172224856222354773545259472343747420243203562484945878235481250641456588758797
1060231966170630598939680825953136585051871605870541958494761787401939617827862455681
92331634650058026895277962995266265223646060034660418353571582874690782742371
197794807675153154176652467606909974891609770074448978194155736767597651599941
79920943707263573579150046114991776918851160631375087255675345692259823972947
62447389992876499328618928978832678239638948610832174943124590657190860023831
209224725074835589566717846823271948444210478026704731831188977260629813252689
95420164042853145045701740142106084499390719501742507210038867243019326219239
174858854137043169449249405423872721074616451147963005566410785658026546641633
217890787574155311538195721615812262557257048062942645926953446984934525246581
294824253984311585767388345618529941079066563019277268735087852729451923838899
526072830611439193802054569875936655133572434579240524547531424709863034388197
401522851537553160778670303697130539879624537150297421635045127016540517205459
69958331050156995407065639011952768177066352879990350895200883585424784456919
200607428077213954038495315825521350159090965306879061352538174625243640863129
154889860737270209673689291186243465680211993324159313223373224465458046733723
120926950287428628624106913253238267981819250289554434424938454041610656379989
128322006546198509394966110791950503878195624870300830815484604879651491589999
100595864591930330476468840207931011481983913180630110389915086181639104858279
274021230056476924553752656653035804535422793177820817069934008717601894656379
113248946924345278954269757828671409084716126460120288756286046850442774339761
335459834432893176342631464481641524123317988805572592270995795666524139033327
261952842364061429245130014689325577214717016210872289144045666298754445773037
165530728313465980417051279095993565242000879449081421951130826024191925342111
93547750954649831537207874324584747396179204353625271455395296526848774655901
129968666011849316133848009528465788711656212471371213184720531788566248040437
417305288537459397105066761393721672618269687631281579112137946239722554793351
1207096079384949640797938510014724759734344872217444215249311299685079054797012210783
1106438916483994836761652792459251407354718018644161506745590397113392187456661642847
267185559467220616205172982950944985865205487341097508833126342741854013342629
107818096125680796202519563283608777519811964477163700001942539786170154261151
411541813680427753490247580685677712827632326892179333769298219669701421721833
294112503912664362513574280113541222710464039557014791342933910882668474235151
229033855599026065127556531074844064170277113821901512140004772278603914015781
105088006950475184373191411496154849110353715102384645034509861321037033580731
259972525028140011291596063391727365309496371475266706664090900017279722130553
316575854818830251995904647437769301588330094089832148523577590360766446597033
721537742680414254168743013498664292389226798894266974027612234745368526970189
127927893148446857586099330515505042426155054868262552511962160651643940672501
518694601492680231513088779546016761591710766106479491968068524891335212668117
1280583197047959817489192348638580305680057149985132383018411392621620704289621166911
162260358736046380401608571775919690937424354925667215649027662291169738097909
123489785982744553538592200301875583521538437655131587872063061368431941265477
119010794403888629508161143012726465033923680554766966222250450521894163301547
207539142778908774171485690508774176723524727979218635833386141780061578461583
392321191660362043568325224604269527081097987222951386008312541996340498211769
70257774419147076513448272984015085818251056448036353413666951321325312929641
161800215109143871712386254842568384646024320899327984416886908378880377566011
241268385276748505245643983145779093942639519614093272764651055114149188488731
182264310345543555771124795347641101358385229042401204331852069516139611280399
312916201634370210926543637091263406018627527266789205271635560082476469292951
113910388777015014615261519281601108952621559048312860112954714536921053546887
295367029002069984664741625413238850473626183316277517208206538675360224637653
334782183450267727734057442111877043022343431058163153328691909247917659905641
130321489932391963750431660641513005674018807262834150967516415144576241382231
73139614932350097054431644639544328084788660403735644248857012791942940426559
149294099607568304678324959845502398085124364265698603208861551469456733264947
246247907214532119293810883256205035930298995270027117539305340050635338076817
397440243321560122839213250231405665443215401206290369897544322102463960233779
199695844831158571889542905555704732765704216735764223274313797601925767791359
159241505216249322822003174129623651429387117090684177359887345598519567459757
125706983677854372436942657268480276167015444953968138540845680277479858714313
187825568848585376045239806979096776784883561275453651355645471255622969975703
629333837356484503581717731714626420678430840141169439189856376462627519348047
245948829188321273999545976511774201114483762671529456352047827353010353308581
151336453890446608609364754106141382537346618500831459032268490930948872010779
204772655838873152172520232830571193274414077252882559584480301521463682468809
87326356082854151739193599048625697142637354190158916607948535986634229914757
166567199818168589993494391901618124255657059766646907348535021098531999310741
89480523501599605231746293383031372624782604746011191405057466190200152360009
143503707893253839289042006742369111676630640411538295015610252336975183206249
125007744893836391545300753106299212160538164053552169641603660848021892037387
279445447191303102427760956469041326874988708732449657167356477386472487437539
130068151936870761754054427696524658777272690463518746094282000907436206724257
166181983166995739905336544487792327102524973392551274912521099137813921501131
81437013750262416474345610693325611440188894425530847285421864259802360658813
233435688188954748273800380440214789754344030811701497436943000472938302304119
185312332751020190770767323392063302150863733249120272138911361158578756025877
195098873788747843687402849687042868695231429278693875160699482833094207913931
275046293376271091873428085725865450812235492557096486889409725763001532345657
376453092681269455619569447280812459137272802891008789198087844881944699650677
768782127820973800940662228289789668216771514953270479358229065517848951838711
122261641346746231529287758808948875941568573356488232928692740836895847549977
132697752662743405469158019220448415004517055362581469450183544322710488135763
397671560339211335092797174213817418327717278240022645291322552379455291892391
109595354386235479630454715918007202862404816078964878852140656244338792163771
84156902668046567714901399711691669755708850771936360586066746571555114174639
165769573804867978895583322422358760780063536277836726208985857144945688926149
350293551931312495868436848282084162322928441991445467505578590516073721045803
374290613251457891372370890451832772073695781862091747925150444989905743033611
117962410070233210314597086648931938165975102150003650836890955677262778089251
407360912831389776172453397786161506172429581098591172308146008820009882740913
71057086598007656357476395052548721776760415176308288966514414462733179493527
175464203472192343601071474588057572651224587991679154929725221282376104968893
90587961552941054099938207949761175298234048542590875233530057430101248857059
206316684466816219056724150945950941827336333677421052244497011297031928946973
616915588565632006636522014664365548246296139809745348563750000670382598848358206859
82378615368012852841880297814546436784760512870450199513270774116888976101243
416902436420341531654227163930868153345389219841347657201272349887456065950091
167756582676805119530874149444614820163014954686934956628592403333851325842751
89720370804119209446949331812924305802565946594019794508108124136623985078173
371431212844286047156228235582802612917418090316854220406259471499026561319567
155822199082948609732575735740131259862714055547150527349366390022677643516769
67040191037072400406487887914903412594273926938772739773057512011056077262967
230302728623618089380440570431719421140379060743930687162893585856226768517411
233582515450231903148608410822413540513002197911329853259039649818209024093357
107248065104177947172687154766972156482286708292120314869880054874126281224029
258517687739985992528203938762944455278522312459574400640165717656150756885417
108617508934863782489310246992285580518561327846899927289849661611915759809709
318999961358209583445016335110701190264560589435795923196261249052854337093293
718209300883758586489430426774759896458032300127277583296916435300498325815791
229814049265995168509670820146288769264523086635822197730542431308924917116697
203841844448606802165096280893148062156465460331403546503093974047678088025813
322692056175013015609395297529766940830988081411092725858437706942691837069561
304569421523063476305554947686085395160948325686774233497782071338997883034111
120601212528451385750983914120143728674337190042822204100519986773631621113283
230867713988147407246851758266753964997358245257585741320963983220314103111141
282525300977707133614278255014324495181600885745701193278107835845108462620351
190893448859143937930324605814976630446995576366588442959924807158097516165207
751410391925798526327490185858772877822539882156122512095099258426125716707813
240524957413290273146928819397868324351816517790138457120318580550651280167337
258148075228556328382117849933263446467685841772860627572556436231669693299421
115840782237992536317032607192659885159927146860932376528779437376652391395991
272238049493893416172583070495715751960242149075794293224517465406992846422047
1289511670601661868193360231408662266804442557015434421280821800144710780886755536119
259438748878535181107550081736459083047233007726360018484828282084263453736643
509300187455916542887231206995218665766569536463654511675067138577861830535691
220638578784013572342310012361526059971554283874193728210631539616901558879649
234575131350267751535129350269450631653757976616902431879412579688425968610923
574033249409199015598473088464875225456010109105668214287592419432628514840263
90384542543564032521886987268295751332490674644313161878555850642164888433491
187520970139950778795882169332248570995713981880536098266653333938937501404817
416921340163677688841391939386173109534519438987788583445129675334992118437199
134326596487367952369035778174392189701144407848872383532280363169568283560481
220827640410631651076382531133403609156073451392468514179653728854702413844773
412391590911520594373088175128896895528638005281701885992756149031507651381517
102193768495748349642978433701843646890011847672438267618751130508133217812997
392564358523096450699844594472143045262922201599495100777588567977818434811911
74128732756068305188289722652390565903639184830407093924854906552285046436967
1212424661927862859578324475842572052408878684754331178436823381324639169362574866697
732129543218222228071606397784173826241035219313545377022601664342233781378393878409
597077437292072328719410463952625455037210376938390539315151931261734520417621
335899238017212793767703016049391977556209049878443686414951240009959972890167
98160268521575703616454851410269352957739467796509654225190475009780632104271
231667175189689035237246898220316969810340426665011813989965604617879796864331
95509059757677353276493613170937158835278392378769205088872397623237541304467
65007100823134375941937685342115211342956091423522499299985673096344118823543
229632855834622779803312449536063612104573632112592751306333126891565964224977
707932850181353236133411953048926167806205708046460336885896281098474230301471
68308239876533069578525229599349259605470941852318752972365001806949694223261
619260780145293168735576073452148213939996393062746144865507968034142282901521416691
172370417336382302931524877620363804714467483952643577010292901529583529261861
232675656831953349316839898266248574326794760416840421624983357417887835505569
344737227169906314200022255045685969398820045163654465796229248985398980835083
296964569850872446565975094602270473562247749483328374556950835269387033829481
132872711927412347654040432044715304671279974206688911348608281342442498183287
526657326944828853228859320950666601261901326653623668416489638581534246531529
401601057325434740113835812299957616514591295430509835560166577461494863814583
200164423158063862903005468809085925400800898200824364253133374923923909161411
216258765125798828626160055349074463895939193801009509232389472876048692248999
160591776475315424972152802211003237132144498107501536745595627806173294374377
741185735728506129816655651701089159673992545725033701638830598643811529110329
182181539313789548136690632387190128631781740838894322477995695176265859173703
161161866111638029219192867046793329867498920146707118329666104721683277453447
208039947723276514575145693839207105788057917857864294659085043753484471081483
134666646372105589124123371541945892535134796329214203748832585038089535706903
194688227616523400199683795367948069376641746557085637945013279827191273120383
367513155264486352802729505606189199530979920316511898641788198027450036946309
1134259830219785265582590684052628685932167550539693212434414232745174833772599656379
254341934439297973324141152479324681807602363041004424569172812414603116602363
391544143544596212043372325499125988648044230419435116418515577487030533167183
110262980884089487993429483874218058453349158083821400956067965889230513586133
348526917158006589674548502739435994858377419649893908053027401383627124499749
250138716327977340344210831203250804828428619059915301992363970821779987433817
138477908861796387101752922995521832269154804730481697695804946280320071608993
85215390564786666023102818780899482500052030821093018297493039938487887049573
218837493902927378676696526356758359002606241819900686660846918197279212909589
702369529988774428568236425142286613296955356383824211470512097307861821804253
434442109915925359819896116657939848371057754150354279035141370635236459192147
246268657695588329765921027825394394985840367154508736245245491161007618843551
858164710377036352147734972850795962112888789239405717746714193644167090830949
381899702395091734473999203545020459933332031012331087647431310098697905763289
304234615558253338866496455785100821752571273328036830501207250920299335540077
806447749114251100435225533329631590707500683611035530423355081710698234060993
347720036073132549810579878734245273535545396960812430616443526835233388234543
423744850067189264954852926286041869782731134019746566676974592462925866067783
418497590700940731712414909692505312436170373937598761250657104130593955788493
104333814876168039504415000628166297451144893057961190394405981243837377366783
250649072066875675936792289343565395864620373727010790439546854057463718112467
114303727829802799551329358287116233249631126654952667602081904623698569603683
171555641700591176160577656339714843336785598112462065038967426774432831203701
825847672542755252224213874068518931500473977503339998294570007189400638304589
358024402178061154498217691837591242240067344250586731582279139047944502691391
230458921404274476917007962983291383577373353322758963676752642649930162427181
81857836287003193609080750894845483521126225522219785761435051769559969984159
184886526188509021694596981864937701960716325034629255449671988177017798775613
1314789737469007741014849050408362373633822854368363309280357893175257062530089478679
423603645513055588732337422627542265944453454297307597150526624951205387249381
177888872375347334933311085273238543560313951686451853129778222008605520905071
448153354788218616516208893413272404470867638985658435100551640607056315532921
293341802456377249797141968618619339117213952720653978476822682318323302983161
415718129085928951339527838367317131642203170864067869445131123915107874989287
284059259108625085766652005676578892152909604550859911864110472909420457650013
299347996357883172489510658333023243106783062511690289263992683862313537662787
206879250474406987398602279875465193646300594555413787314672593711532262344273
250177569000342938040604538224699737508214783911246310572800502665845804495857
201243489106999312886273155520278354859462486596098614049324845909146885617943
347059187264187857826356939256012001622299794576410030132802768379782109169161
531929716867751432302359164094717161313751675360889643610363108063849528554359
445815090288059694663724626068364026524600510910594389281965222389911678374969
181089902928123151242992025597471865955941782650697215313611501703967487036963
422293661534357766728655091929232898174000005055630997143152868727682696098257
916133830275107506996620210789074855694411705122514287269514101326229044354793
552957705629919168597089941226284026126267405046293521862396703492673606376557
231030711518420392962426585193579073068003900581301057080191570754671737177357
373711005673240322290813160481758252031577338497416188360061511595391015545119
289876424675554636164087512183303161133293244360983917840895395576545840337649
138314925196091956066452012492064609369109322971246241486034024433389122046313
306627241310532500950856019987234219177427550638130888661887598863920648126871
594001024019095001430140986519015558404113597398062623055842538388304617282199
213020848572435480948716788811668381350240684940446089778014821573459471553501
234809461521063528141748754818215094790834015387852796896721774719499769279661
115015060523726836609488100606338721256312892581454165074314214498725620261617
323240271841795390567845487973109961872477525921752264490131685101210073241729
91318746471423782881200918516198536864987588621604800706606564979713217113359
278667728021743166545711337703056117395627909029139806186767214877024024348243
173537290620202236962855957155641227578858850550677250465960742926010085851891
656317109017167220514308418574588422102038611370623075896936878057620072829571
480683483088570989266278812998301925439673880023290032423949824250443639115573
218804983653167849899981668053135849703060042910175837981996912112581248590421
531706183529059675747526750222579428832983286623580064015795360622903643826727
190711365713593047325482244368833366530000140823721835200679609437838630677987
1072297052162791917418905862548904773050035615118310268210415593628445300884323
288882507801038603702940337246517824379814076944479717880550503512659087876387
233218937178592618515908443247635584264935069009381233820888232895410649560973
180406837711525250367636079682266010248837587041515422213170652658613464340879
200757615938616230311840946048033206249138988574117700341794364303927700291553
63169681946151378716464370044713074247880497888727298450451958745821423149253
95055709892441176521057496742948405279819173018980860979879369588535851911231
269742727344183772925896771826338321144460977063746579359913242483070326394763
237522364867214194917601171556298908235114463817288844276849899609987566467037
377929526971751628078769480699899490400432804769176869980832700137908101954749
556507374554168263586211971327570072141367251064006302465049534943285519120811
231000999350313660148197610111697084607441148737126796612846897420921360856933
344008386128033170966009039617365231344589278615640145197151172571934527709709
790901276906889836476542818952797857030498554545598466464427238335826895362387
260044019914457019962395292105238577036725415765777799777232669005627350822061
623147646800008339105010134922484333427248756429054316266480079188129303185713
307273785934656948831687041811163395773846477010437174314939495466978774042261
1066644199247969215996479983440712148316754242647267906262121970881837992396697
543236644202254088037115570209063389689868287342781937165120974875293119662639
269720736576053465807752785446848435892937203443562280293483400255829720440953
211265740720651759079046408072466124964462848067987540106215434855766872169541
174240499567025972868231236053577200133048817677538499307969157029499225622213
155672654341170342562805112477559149003808799020071286136248797476102468238643
454750644329575336890350936701008440393672523255573787491590526071377943430403
195253213335539193548861670705916357911562139513686157468093404195660163621923
100850197874223504606768116788122072228265224541869986661781060619028710262487
235588991661080869364435906448295315568625398802634996561143140605441207306481
147023066165241766529012512709512245150117335853900032716109374552992420154483
523290492277765847235519048547780192089289286148184674930182681048499186844423
237782914762015339629947976013340765344789254679699016765293886203180478835121
461746253072350473600479388590755304615863581521169645592357881159949544585597
361123715787220130657082069948857716544948150100026413634114085239680543340543
447128904444179360178242957014381118862321208610048093382939121289830486690199
539981823126525129594266738349608306306300937632620950633989932635040810373171
388903659961369495716302328495684379729159260872439780278877130228939473228709
384325169336116386195006194593645881488859188317434398358975209819737930527313
155819579139445080314038734975899942356731171843050656967304566535801861167081
282011789240596201096697506793815666345091867029233019122070854161663496000949
228308926411958889402629560334828891980365040449347930053137738382691206417403
279971237203888020224937382339478622521588374556364742233199641065805053569237
212733111309589379590908888682507159821670495677697293301290050749080458426647
124782744070556586928949022511420733588087940106134974291317486950940777614497
276142681247300226528991991352258845161169453984903009475742527840065186091677
134517439634053602979032945064368705441272184918475508973493417700737033135463
383970880193267894348806544997884549059913049704007334622174963828227459806569
480863304076248687397838969184882452734686171308991333772174609553233867463171
584472228302357986181811317301302171865061234719358094655872071222746879222401
199071837527579775964135684039413657566770070030643843603640458354187079617469
363762479669195805643485983233565974151281004947609842712675148437156318680557
384216075075698279376181041573584086396757130083163564072346318191200340700969
127771048372721043075982886583222456883812573005378590283173051565890211121809
227333265709640080851486702062715035277954270849673170939686947999174613915171
417271337684368576215596398916482910557778232057443096949169793401146457623671
349327045405614057040496003864814011770455711389334054970389236538644650680929
249910520797051155644694027719056156536112552729054670838361205460764517283951
281818730126020817978335433227034263595258637629722178665120336584151966818487
172928071712662242530270780691740091238697576905156501949646964796146388374757
357584348763023596287327178742106540442420741044144894329761969367524923111379
1439090137252268360476197661391313275755249535168421076391323237624079662722241
621720984617182951686474212031038679909999948455964919553946207793276842344933
457566415905412147552249550307587382903514552861484274579276647549949837872611
257180861710817964538785354029969629021758055506256106290635258726377197491013
181628911512876014205147675239028845941038714740838234714524068463388846463297
164400000523308744647587940290740595910364845171992487834422804655278616706097
407919935641803186277296282858345135215402585965594058717647781556870695596229
225327799891869115929308167116418193266181370392671614464279941155920881406453
128514440085345590319877804183142304314310458891280749486985676440572992080799
348885951401096982220182118925131410377030193400977938641238308803926964527473
316951001210277356146111383484180622643202893346855569096631824116725277635271
117297542473896795422407683418116898491893747138212291833655339997578527684653
156350752681668579412092830656679258306404028605230435454792477564982159517229
337917700104829591582703152048510719775624924520070678468235464007587396057659
559734495123597611790153802294176743888428981447625308976894854845682583325911
1223864620665064921973431463611768005040611938844364555091871441216721593255399897653
823540298642416888866145305180652788569962261112632711766842031116580968427063
1122074257627169816128811103128439506050234823622569562907004170348355265906151
201861953773496758641530976499522536903457921176905522724388447653371863107569
308359123284411636425430981441918743493944929757038573242719621052984634932023
211449757727508832869899891878030339347383892280561487838577436303000826395251
293805229382619770314719448020338334966422249270562845333816713858831041005713
125647612508935354059708016995799488109445869561116562385384012682087351282679
214239539421279953577505237432601048789683128163135008746571085009057290900967
471882025098578506318721634661351985847800356992801473377868809409755482107837
356668464030474602206544768205880793323064699064143299675844861916674296369493
546226270035643471665849220005731355159855775909199769475451688167923773172547
148396990010317270865254942639430176177846485983612964558180773353728009893761
498367320664546176721825376082179822887974498747839196412482496568149127528387
423554133061705190606075348278918804012371367569836342825858647771728442158617
333315220040916494823500943314304951519754817898782462970816886959724827532253
406424683029683754458993548656224572968231536370469351683174293532989110913689
304789676894832205486849921271777290639394984536703439317858270985970290884593
307704121052140342785746860594623212271427509242443366839200361008376599104163
349685533783452450114542459891236480949801583997723731293645187128884073865511
314263717508528745786701903015980147549286102853964301694498554894751258226381
294227425970539680169671765898167771529570472483692362053130327669320480259593
178124570415215670476794007594916130262028326761017461152363965362053614392827
568915354642473085134933787225618774982151840387857083039213275792691139688677
220099404353207054144320051603545436837076210222653954478411684158345506349447
420422836809385563009360767533774613841392902113497193714925540210623511467263
338635826509028653118951394902390036287248202479101973910456301004248253179767
185785476148165750942159322374772390196945976732773185334562787788444588791773
107512142168851083279885553374986084513617621760916536823659305365469172104681
260565072666191693552413927029460416606053573044165306897931338027653396417331
761392639053637025556853428377162424454026020218823733438315703288693930689271
423452970901185426112186613585317944027075752610165931373183142843570025687741
868564011527979979850850376496114011367289685195859246952354244622244119702191
253502148998806789844059658811934481286108009795765533040475773361786956306749
339288677173192735842020228531314216103421071002071113164399957478417572098001
120833709878999189451653248642800418519495795587810188902109042059497111767249
68744031562846904821023342865964437735883138495199107725883277755984333967839
226712554481864423224370060126115579109368293283509652587903025050734412491183
765588226044708258510358063934762969164765690055645020662284513791093929284501
290406641755456996281609034525451026386628656420906005293624634408324785009103
819947524574278929292869679733812788757007047921979855236239342257436734170441
75496758875722680726333978555848873326783134705656032146056381512049020570927
380046579067605772661823780510123337008230415155941854514948535949699025651393
224008976878041045228727270826534839066366589932765854133750876459265445047743
455114609649086458606036773356371235924786781235934323793642610701687811897161
208875370318912072969923435763847841046839359353797935502600222122607114166997
755732641314749764051765729158485173250306940810351758707241931789844817252243
347561375655772663969424830129932356899426956266497985038239115220832426440641
228903531289701557476549400947171800330723196173995583675241826493318660546739
313494166247872519935866393305084176346930582860564286039360759579304961508763
407906154269003973670951912814372357168599026162403753167090516509427426721429
204340330451118459677727575633365651539894779835824075023030873278913783249403
173263895805381068109036194603292088209136817780366757024024154200460138752881
150971730986465749406582823502793267496517436287860361765544469939074718810707
414969423223220887410491495620658709077456921089842187948897876214981763128593
275571561565698838990903748700328037602026413311126956922111274316174514780879
141462525389430938349709790186286670112528884216962275471176698110337631943053
177345220829298360501077446861799191680618870796583418359592665132466234192409
332365313154283935647362990682544040874813223553198118686726338016739247658069
489182410295025428359033662419070852769670084842152138902856656414028980200667
506162119952851204162020595328047635736533546692801225358345067505442167596571
127561088473073243353066989538738512676499713648235032504675296051247776590507
245723649055092412901800628012623539915282028382857700983568787459544094987981
681449645749941429647171970179725175005233226476248536984200039018657481425613
164348362550347680892966347043087520038545875896432813255103940635196582991903
297012524730685816132463473136406150941286289243715206947294534580799911300049
521204094151245256621655683223357986215222130099257891743488704337688356665751
208691678961586820249448553684221045442531281877000780558898412504172965951241
256588095110761565418538926103122670156052106946155214494122259929631518223851
751584177900734456901801187037613480603090066413487755755672672715239827003787
626181364170423781904304183215591142910331131843644355521306528361809623181991
264442864753949186259156875262427648644844952862618559112438969023410079526887
321002916158626959947293524653085128834183712245786403635717239879200142320949
547189596784428457588383706670288678298745347844026582619308433961693064987301
122965919952004087545231987951855331955579252541022405186542336050854249209091
517294040000652457943932128793909620809482471021428152353855168220810906266493
448700125189188848335304056690090951376769582166789560531509610915141291231037
512828474592615719259179717043496811752741413143560252531202663162627273913133
93183546529771914757803386715091772040811063481025852587179894327098008371459
241058078618495472287890078714695654939841282250267024102619650924943575576441
214393654685627910240336973822090143825398845613719047460402213321802861082611
198881626309905527681285039032090393270894081563519753142526722629041874219251
355928105925801716051135046427996771756751257076345209945499161342816085953339
356910446381581698689536309064893571269702546035436072066271433031449268397179
162135038754594680300621704618197542327368165087458717701256412595366716574249
225365995025504280570904410153919862675417868749371546229828312131606128005473
184693836199539475460159344167033259180425037746282609473126711953729951087669
415806653860864339179834868571823498476013105273667318275715174757529572481449
254792322036616211353149225726473888815178663801242947638086944150497400773939
1399301039574752991588362494726872124703067218170436731376881860307379929849807
491960471550583889064805046725148990558908776424413314273474705381133322921201
139909349605691676679141355855957810336691569276218767272010032578238314597099
243255487605261785362016298443541917387983025655432154946757655087963156850303
307760148911166568033157885781588339005844789586880139810026779208053684346597
247892006362848946860383357253718312311547208968766186581114704040519034333437
299605837938298124490505040154673033419968782696408072948206547648785529599707
231005825851584600445795132049763093918533571654082805846879748632413642708283
1034327681778056462879005502480496929866885906690923420638620158312517292090821
148681195569963995760760728739399580097451643892098982856305992512692180964909
142695907231475673373544848377930870098932190981287071870501329487389292976453
190172503614305494904776791257206664862099080024297696774954317523072517803659
182551100605632721264858015384401854942783037485602200393249843730557200571269
177931772161764115011412211023047898467118340249043215648572387074655373820203
583631203706873895526751587801336113224035816124436351419111197024793353160809
76252682112856618573596742372509995893021482332770955400372506809311802540681
695836572361053968477089813302724690368681690704973951347716967853007102751414901241
630518423852316650015083133527543626467097410333460645053287062434275789155673
133044615399755985779134445639657857844165034597851528149595782614198849520039
423478096362172411876915090527734619024103610026911303131256276372077036197757
319869310444036252074088073846123588547718406487867872689581009349492146382853
210520603555683240219086267791925762460234731268815668194371372150436134511281
454803399887450415659605061321297089311825482036395624976543855914362675024559
267400601720809402358902015663199340186894001738589464585830650268458892425267
277239477581997227578624311611549607472612630708949914560804974894614196500993
342625577223693908637241486030878668994657374755034890097321712268993907416651
193535045314434635189315175124004758302886148204354643967604645792477097300253
683214895168276194972335613266593602764850378838492232460827134262340861853993
836402467110391108419701506847844562999898342211518039244705635447182856275183
201123845666820631975268962720396151572702487389409358332049715214347814104159
221497095155819014714127608457896489253046953997769584147537889834042354051697
130082317296149243754243984233601747496386271653949939905259813277572762807687
488304348506974506254992605554198561095396455341001322799145961344772133587447
1050124057226552795530719601355874329993161821119395566122996595399747489254869
397813963573391269094584915080092932629377403036812851542187141160027409782671
421855551634189684363134372229194790668725290251329836602228326196241761670339
211383340045687624928890360061860836516438142751600254432597712075012040211271
392762485362457220210436771915357315815946176920690825977962396175329194997833
126639510217237477278092536655722289166407883470143232450236490706034457146627
142099480273970836205528861906088424715877710534708532525190145772798837718289
431688988818142645990509394482931526039181445758163154477508270951510630436781
319956225362619339960036755514253141343319748633124895978116287805086739089079
757440795286606196695178884972314666075087740834769423640170915664170371759803
256848866036561647029331811773135463999297782359658565258256146310800378750417
212663782669850049178724455847734478369555753237366577281109365742761759617879
445686970364500897974654778063813736263243874020066643794924821814451496845617
672760689660740270739717272178776743449672690413073302793108036277922255350183
281595032580363197687828790297665971367163310531943823949932797917824969776563
873000089311207212842152941199959305935740987362281657050279800857857339136991
214139530398126913478525834454152495639588724098282128971864936623943347057279
417085926286610644472302437758451446246270190118845572201540904605300235942073
328702877388001741354527368979717608471240402626126291213166443622911598196301
586102758663904052328320489113954775123732605219384838917383670051044320347499
907239922045053217423883124320889812922582228814005832742800126936635289231963
475331083001648370004081035620202019224275622602044565342144792271835977618743
184874458020714239483865540843981717428235860866278809839700451342900944993341
209172368405441016099971212761325519171081314158024481737777283481762159356653
175524321568596406214077104384800839412070556462508152977113968208558926697347
342761212878966480284873399996144066483483534093269249749778072904496794963023
81480199309004636852875224470819033751516751362705664577468230518890976198487
262512977220999951564182787082445412301327897373204019126940379516807507171677
1251641895849093920070376932027795537638620916173624469717362927495636546759063
321497571008974872424983379881982617397021756308682627027070686517790831416329
245421986002280766756130503922828009124891568337423037232681408593601421512197
307496679006917841222644512868143819961281975472108777110501784094788548405177
393200368481778231749091298719778346977239050786269052363398754210030399276113
612624559736597578889200112275690103237776577856968392487126796926138863033657
180785080555118412357732607997195516953009174371531956078048568631392440603033
172772087686703162973348978224987005661432988347373146218742223485718918389671
278728546142896394383930683071530966297311073865755443196479717652957158395641
288119590581841189853167859136443167003852254169789142610121334247114595930837
140843386490028604025923472021369390406614049569537779163843240698622684267113
1047800341101830261010414811578296918862977490902833457337217007883159225186047
220960215633559700615382573553736946975743033313870493261825280281107876405467
305244022651024461243476559950802015039648541719835568123955337513829532774407
210705404243886474748159281575430461862519726453352681779240832969915372292881
309809021741197787107891524764075545704416401248558480746687731699152072720799
191989381636299857023617111878986977718624016686066427472948570052730432887823
309822987878260452416710005597598656236641778807183168470800220783691759610181
484112131504572500133426854304050356665384602002479727006095396009663359380133
300355117435753098241186228613712997660321761835195225628636091936299709093463
588968795028486119684117248016042336635626225827418785521220695646671618269169
410615426402166964499437133906286230397984292965981766915888560192323929861889
613824849320849271615378301473543351769999427324613587241269109037703731013819
134186202356180921362690459375179321168445448030361528477941559487675242018721
787950211327681600233642131733637804514577615643980354047363114592714322945427
582887170025196991354730641165535805285084054086000273288660026800312174284783
388626578280006956618806439199984316193527328594390374227660976068609011228473
339856341231644753262417882737429651291501008282601203231902413056856381276789
760040309654152667489637623426737819833922370273842655326469539145560455128413
371942861507080359087843905607234056467162028290072154291552550344168039266733
426350270264223587300337636422075121138752095950865125732142601580033744140081
218083699189053217803324899785390922346342624962995320682196270067507749383783
520736276385146839192436826945200130165013527998408868931829106347111017147879
876174910434935580548174102151706363932417221524457476267733414998677095291263
212860996738480343491477601572920827072230022368081461275384682191449173580871
357762876807896204466215692459238341166107182100779108605268026244522798349133
587987813198635271517523767382576210916930285283683472752100659813113622727901
537329334300632055692810654217088519778093441202170924927620058517195845783717
563604303621535014596923285556349601042161307540617579937308744280707242897567
122701829841756338195756478759321515372186344569778358413000141565565977799763
210562121544543942801089339336133154124474533929709358799740221902239909016989
186514043395418098678913870526177986316944420408446486826907713790407662309883
787163525153998519171978968642263046663728729872062692574927530284652350504837
398811166168749158193373843768966352509300561098095578321629930982482318416789
204158487826132327769537395523881397152287819360633146746537189909592770011979
329467994947946632287419615573365166719676266631657191585498088439727881840217
764233890169751350695894127426829232330178203681891728845095050690948777931457
315338784143108928651457026162150310302366468213401095084077552737278986366299
491651854295819261398515529578409682785782542328166472227163741232380892184909
422508568262276317692580634429069065960028834136772342913627773419147289765849
623200814052248670295387448214034636429489053265362916604359587778290493863011
798313942531016157476599789689218341648815193361349210672918159948494039086061
236286820883173357746597433562513798546027035968668880085920308743557267382037
447361268926830554647945880952238794060767966628382404415723077707872762601189
209591950540420925258514314715906738195010055070757407335460041681475434334343
353278285001422667220323684119947370282202398187820128471309891556726400019509
1381092749927328987465217062276170115705393478137933944299372661678718476594069
850516781672415745374219362741723772898021977414539952873434176353968317887739
137486555086577886394595544361501073266944666585567774729368651689808205259457
388732724217002758642472611331779059701427745607164888587220650137516917342439
245131014664576009075757133934879903517072036253992915254300689490254620537279
306184477537716098379286504613240180996516090229676083466954499716060986593047
431761567312404344925018974055143177143080406077592837953096211357461417303839
388868307538418091307367076676183559723508384258412832829868756448836288741333
499173063622441116223151904931160632784730576555029077621033409963649436044707
273066709483477247786670675223001586643097816550680701358873990522483656292041
323224694406440320206243801418659252642961168920658588336378444754241412167733
273524586671163039530886082486329116666578635974408074248841893511251919174241
226488910409140383917594260190554780257519784974299952338316199474515185443781
523877645345825940506934503564392426307871469452699228313197740089348634951189
612240572715039678915749701467046842879002908792935424724202294533802290410523
376841976484205483559069202728803066887437999434324797251755525035634441056273
191447893189443879358720922996318836487657771668392669666165699613788438137807
1460521837981124154424435098323587883686361958223803241681780099995688783025989
180403465969076197742577723500887872418916131264726467198363279606889655884813
670345853166298649201826292294132160442747844990494544597804670801470184611369
451875817348585271528510137407953535889860832423572488406238450373589206896507
161309819537934081100547965612815215107297495263826778722113026805381621478907
308282507339997447444103136218903302464283880723635115858456182131690869789463
116855752366823153596108762964007560551659160266708665024244017028024611169433
533506447557371570494252853375539659260182633236795236429802352661236629433783
272425653694994695180497822614450990526744329066298330209110595228105144559331
447827956916559190667160030941205272023189870168595079051510312106473739563583
776368920066115130362490519746484409544456024873201117125057870022257983648903
130420280744239403560966345369200505433371582538507981626737362700297324835973
