9873133229983578170548683445742469334062286628063380919486102203228149097885
27771377652200794300762963586166564651566406464011047736478645638332151150205
115546408194787693762876340351351540428066388742389439574959166886208497236405
53767741731009524821154148808589579113345915594236321616014459174394255661773
71451168479118689560211319599271244367371333859580693679217894613969075214011
36836507901142945129385772313916526622374639660650753719711749522796943542217
24303236023518571566321141766549988047895329869809350745573174154539092796743
6377508033859342888903178019576931926738973619496504507952455282986956411725
19994534737635717161702471441176806919399161840022322864396535978860029812991
30550823371570456021633138654453705199748708568960206950661342501698949605381
80854654993872977153020504412012386424747517758993807928512290978876685196099
76299077738903724816814403008547665159742521142720633518385595650076203228787
84511217858570140400328763900767862505990328618092084440867771479894713797485
94143714601023892841945972226915357221604107729919114559393404494453894260385
33283890280020655071222828791752894531181501476846181810335268157930411142521
26523324658931019755369245774817561997690680640570382580791471445139646348969
86717923447967454344975966207545743729316367393118940521193868711747274042887
84193945755619057869547562006260041348682640670794195676640883076207630563023
66625094417554618525361119565946216749728845732552308997279343153173155002895
80406605895730703608925586472234002951236677426354829728451361993830023491055
5613708517901356672024786316047113237585958132766571743726118357197463561535
97058542644095371233476104895815238734967120138746320478056261074861773068905
44066193010293056259986453747783089174876492077096555225448897075306867104079
59927758825472039224124041851555140136703396197947375566083232450047401896983
107200328096707485246479978244502284103595762669516366258450711453286175474485
76670093302871779996785653150550666770710723131239557623400559720294033178555
45560687762332373678085165482165437146893979455802987234602617429232866149033
64619226789919143172335500433517567256058828364382431530225373843242044159797
24414719718007107505933805146905620232057734900443628121962693608116408885643
25899284182394054530120952902515638739748116962963324948727607771684781854149
1966891501210595546871304290328198456654318532051090091486157364314871372577
45208070504919499844500560614773101643331342016678462020315339016793357807869
58680143229585586719196173589495686909297951044146860566309066422782177121175
84037819478458955685032101644769900896476866164035145073177113901149994574905
28118431485619401612770516155315823150413961350059314056114934911846061938423
63068174204266795590226913179637801011472508685393454742260188726530699439487
43645739166462833407067837279365131834037995315387906665043713277864849648251
55132390296237819809618537789124883148524588545274994460292433266497532529419
31828527886987445249114227109613464094288009789769414375924683165440483626109
84190657067215483351346070596226850121303105869449384006329734883530867997509
43496908709273395962275108008594669202873887639755937178229770024364211229801
38813332312995608782716923154353210107802150777204673320079178133586172296051
73015176603562414152651205117058437612962588526427020915218187011396993018501
87583036174873217226843918515983297009395174413051154787145560688408353345213
13832856695468307102407661771732859524512552572028071245176009519682294324445
98978863076458185731760721160845653021245853302901812157829927447628731359229
86953883688326701244908971793094665382161709773499612970847249901006009469845
8553432545244871676853853865985141089279138627156015719178470690762672870259
38691306177557370319567825802372748096039259077592506335033235647016534723769
15463829892561336305231564431687798801326315984411829701006454799144968297613
75392620655700127220950398141816085425393768184697766532454738738548584323551
102427966366461034891183686063375118330626616349532259210525656496923087233379
84489903214374933170348257306167698139906481079760611904212709115689406125583
68377011219380548502375157921425776482079038535598005222480938441202906695709
13652500815358968786756809689921350546511516132434338648463246767592199917327
21110263072380811645094165011409488670488159002415329347150351233862730098535
101877990696753743352517613246408142580313369893792891588394276582422579384323
76213336402446333413602850388920037231030892998109459520605619775364278085463
3104842686932952585032303566151064547870396897046437564479031540064187406587
35540299900182750113872820663290108748662110795301756102076122880587735170173
23997273400637370055905033243642767705950248585989431023489987554812583649465
33467249829037254560825280891900640993194473814400759393516594267968058400431
68031022246668433177210863487194035173533655662995787663420016557380119495601
113300279094037101749201467121596356965199974078211179903971391245235717571685
104254312750136573404627016614435968243126012971807717380351494806217563527981
30970258676192763476307384886444458459830319514205550153572718602695981613357
81787900423892677066358598452317029592672308704799272300180793168674306319143
91046447603510894156704227606308668519621323206500363386090196450067222452183
75461107670829743042603648864883671054998816670789777669442727334985644410551
74966120640810256419462958584901965737558227290432149076867642896193481863251
93623263112633162409986919415206981993923202112132774309203298445886923636877
36856598059899691138454313124598984828967245333877477558340982493280802267497
60348785128801586702699188938291826286593564704046702208247440117334274452409
10631099974903955802536789483563221820689765365772866141206944412264615544605
13990524288320523627283377007155004206085757446966831612367468748343858663625
65853481006615280261411357424503840389736587041944384452175416110974615939311
105692543498575520097802455350283345734644701799834686112725894384085134943117
69202625855429289383762238231177876440309422404234441754660376894559347289645
110113173710207016110086389320023432865321768664091574685555942044964306445645
72177276025232562233130477883148785430972736326004337465329962841351881309409
23302816782614863746672039717124504035346678703495665528927133783869546105529
103698968348265878973013083772755525548045567244744493907842278138274727190073
90086393517567255283824514856803275677678962905326309230714729397831183969181
37627674480946476075107601140341703994846499400396556228159085758640336607385
32358024710107930839935900967486971234752091881664101974689735822566646167891
9896411175423851183341960423642244477114112461463445887299392373662821361021
16569282794490746514836568828357517423433223518703432492323229516874042183527
87793247387321528828528085403413847859136634276351817605360214928406724958137
29094625474646394372610815085782324650181684903275262701443833286605970194585
63201875738364389162879598699714763046358713942131675130772323696137616830149
57375710970141211419654352215936130633126905536520839339976460392085320401293
53004903165648781555771184637306505840199376852688121464680610664570801487787
75126511039813584488106554991719681716435741993439543743457654628858873249953
53344817316202961452747949678526618388810515660491734444846358687397427592959
95501188786777793895851841998319501522072312754131788398022800999453507718989
11783147419344761584853645389566552768788692533387253015728929867333035306067
3664069876553877902475671097794263052548188081565173246849833630175252508693
69342420394205852483326030284474241490446297059621850207270253936469632252759
12707982697796813784019165056224427018717441087070295178183823329969825111315
86925494631091781298271536653730468856348475153153809561730327903433346968941
7055057828942534907386277538868627248236531092325593849009366695904124780423
1073883419013018168243642059366900497329373788314351740745695372271348950411
88254330930164799374204178101037489988758876275993187915760025047843669453113
65769240746303761726098238085554584429484092474591423619505521527800971865335
13053095745528538748990719524917165316314127165191627278369528623173229445507
12350115638715706963549748191275401486143898536890159600827756846276287031039
111663920184045249248706825495391457316805643138522825980590385560752634522715
54709240019214180513922866082017625544539347472262457023637191033767642986201
63416920352487580718808649790452319838056424943524359270831670374351891635909
74445839956048048652773181105216862433995973728362208345909001839884530723919
106447536320446618370877922870694529303732600684236208978740189985760386726625
501734673759220777046965351412175006984258781462009696347880364165484289111
18619764852147111820204631759300836973631818587549666039819014936022852294605
109008144284652049454145143625612762676884658523296701324072280054630946511501
66996059183532739861092125108133624869981103309360317640740851041724640197279
92900885766656866243493422386895680154560908380697790927403738466421197396933
114974354089973886760991135556858032177988040153794235430431762286896176568385
13342421502432672079847849757590190054475074269150196758410891145645616273573
98997761943540930283615201468478392759680510048338132891809575957563607927777
38631155274819935705493717789975795294301427503765778143871872003245064562629
59582201219147660866238279505608443371805736564340109629582128032475692426769
92391629311840122066904254259038245518945487924801639749896416736795058492681
70986425356865805372404048825577652351786898822256032304473115896388725395801
83227782070090341815267127376647454134807487107309670374763689699887030644469
91046214216186767399691589609806672664654956683935374165708250441522790556535
62578618163273171028726523443879882259633398403558207132753844734530966815791
37877007015767043097568564709192203644102932238991534725558192418452960270989
110738101307184009580331335997166307817702349647895854112581190967621970686379
37260085456696816561053726528517072037590804963606359737952642211413389560115
23445069736742032085531144994916123305731941779102620186543852704679967901847
112982822895278197249713655015686809459247873921094056328168649822305014941101
36134251113993649473285915777324572282851703472144063734864775754984374315393
41251767234941855254294637608238716347396372757957431509798823454722240894825
5704628528690914089690878603257704401577719220964203790101907914744288843217
88286403485013309396808631953120729372185238264054236798000807102251324164667
109261259590626372512511469629556506147273817675043554685641160436145767813853
59175045721316480331697169056214338451475989605215399158148097969746618876479
4899903999493101008685469617946564358605390298302066343562030019282582160089
87334388355578112362384145596570114976544843280442451363191649752305758938709
93365645122141079519855589115520387632239979973316387726744820588293697469771
83838325440945957455623069263302555779614269122072799545300499436501795683141
11427327771528389231547094772895478906872394615666644726818792991396922505909
25986683270890120531222901474259377226581479515643839790814701588867912267055
8041966493120009894597065122370469548501931556909642779158732849871067434565
31532303618473175797173445824600425016567748642291726779889502092095285708669
59318391492000798239437994132117608179090882498856675821339598462820963180621
4121419701643160735095336688156073376774624414545155386658144444218501626089
104565078003763630290043907972864828488381577305761192877750458996876838756371
55890720109097894964792227937620137534620264620239221955977564080671200603739
86300860471360033786287757110298702680281632153841106961480086568131862020787
21784026009814066443199796805132464330862059970189875797350036488399559768665
84585523258435866621530838176145556088969610545915668375400091838302470554289
88769442546559317923846814342429133474016670972771224236804269628565358152603
42528591643563510700520449931745670660158436080457999013931132312500688883009
52449955850404653551453745656200515636709251602666125916431978721310807795049
91813771823179681689716241333434538483533190203081836508367851923222684391737
18592076555332811578166296515642188024206501001934095579611209784225343876039
51618134840292009369252801651252195501010730533588498195751219366719041821091
28728488953609150405479394205963596608942335377095965923976742976640485160583
102086266685417892724488906136664735881702323696933567431354886446582305043753
57476160576891992893769572714130812265190192080653731932648269688898797129355
107373740417107558919725666500972491841614231471113279127468447871191657256113
112463399829903067720014605153330193012760320924838053493492024559570415780271
5936044724918183287060798372785100781536760585585837804524597487918039171123
80185052759027049263871252175596997549319041573808871152475004958175648604565
89576169191242452296955832001180750957895839429964666855853132051787666892791
86599825752296764283368321480355764162282713914631761360538930439703405633087
70809309863690247750530667263653356237693226641007836110882633906402656703839
38663015630062007650007561689847263310155603446732893030159810094964709137993
96240631616487336720246538226847855662652569186756871887195535414151541168323
55483931025231781401950532584798528342386925372226002237703532486361785958545
99732858512225381597235130538925162782004773069978482363921195192997186101715
110637782494346577671855387214849399403607068581855029885496337098435242427981
9580380973253934444752690720151202702197698983444267705080507184559139949385
112145542811604855369583633816474406429483587104607098341365732408318655467207
106225840058212721975502027074374755593795198271581089325437479229750860279953
115314622226027066695457786367646353130729511850613639966822902038163510879183
63636763519030724870206809486911906352253368800609380967244868037414929884731
50342705285327998449935459579638045017592761404313194026611359742879946716091
17028126083945033827310225240844858759467857440427425452435592397145347484569
32354177964881676157464052880474374912514179554634991757413737446365722458237
1906867897765236028592950214076977710688247848439633667349375494541212380227
73751279807151240391715905755841048015908093168288323309030809451919099841929
8254987334607644307315175942029273270619609720988127859958316020290750346153
54209971209175602075195798517552710397505835920896651836613058996034111006223
12985483995662835824260803985379758559508408617306764220977154494422016286717
36644204821238231444999633643998502439023783085724128260014809489856430856755
7408606388714505756993800977152570551676694833040378804238545439238803699895
34132900166779365540187646928714127362211627028078151246680150058274906759731
49195857931717444156274234023123587911838194156085456924215089940647770632703
6383751557351714173373719636709692031895294634785849580072596078745550700255
16452585892716953443654578594805026144507567492986153793217187800303916014089
52501141232467147020000603033102660885191428743885084917300196961649656057029
76902180208287050824797569136140325669555427239498700715890497433564152599761
13267466145507954193996213358525088067021940998181089427806633828589780288275
928036114434974850367753289063757027363335033440261723125100077713863780985
84415496537960903576532592919278322815461506759695844021024110803476116665607
95588892962301996562664579857333135737978682877779960055502255968233400474331
57463533423387858800773438489087943122001627204450852667598136010137202878555
24350364305650516326697927776965207141342552608567091376977112266233932736143
53093678089183310333696694859931740700113048779719471954049138853105678506819
109594670020459252015127903616828463899389919023006974923567208232742086534355
97445010077611321753850109193848093376417320481277463949210911428200448655469
56770209674514794600790645937209247476526645585153048690265852451842573030225
104357367311094755495478816021615644677291635333789768328958038600333194900343
47497888246948663501541015855976220996976985319299296425070814255045527923777
86911932171118389082469132435332609221426661521327016235198621321455245748623
78491399701201603927752220039820597488154084170070457236457617911307875847497
98397313406446027911030098238598310988782075951525227951182762088920667799117
102638877181339831824134148464094397139407812419360361962857962923170945997597
36752481601907005705570685647857587687099301179217601564686858929873434422933
43766079281702936193731896484965478517722820318093634770959397072320091753819
99681804415168349615955992142016634561157895395880948052342426503296983898053
98690521546651629602299917118243869765683497455354982139601183013862789858245
108117918356375953548554977672230105355162287353280791691986211374351272422619
26665866653491551345184670955698712254117105719985778936451514133628722478917
51551888859403853556481819085904212970229495575943510100567161578969543725377
84771017343174761119032730313803649553616998097818034218394996826512140946519
109994043565941960149038835862233183804042892390037893838471893713456342220835
113942294688451469620670505213397771668106112434377831757555957435513352572839
7173224139120418873461335537991335612881177131514156903831224054468621408029
32886552699905605621433125419339725017244953366102879822360543559477529864633
80061291887379191685999212232768963288679530453445415168164487335965765636115
52003503064846767201193843989406623326437013414841958094461623870044334885551
32124806451661635229277101908272933457871082655127113360416317385889315837845
44904123663030263424949035245918866924975067087220302566834495687415801480091
24425544112047278733339753305497058866164498586976108987388657864625279844931
58725623670308512026278357777648862861812241387600224957013850487895477156391
79281941850629165322708252100192356770367441583049970509959504265181460455911
57991502555769501862135306056931090274415276426854413061660175986358446291249
67909876873211785160439901519854266470101482961186552635419312201984484231135
3108275389727546494713180933522838841589253330996623960735739702626900253115
82250798034335348679574197574158709038459149539199407403920313685839676049035
33037605157093758831962236782605717849701506375141185532150782394709040685399
94537670984111255294222495250338407175403879915651006128611703921030821921157
105389185841261180988825910154093346025363466885135204016369672726082768733629
10507390416424971944990499326823178052565098951360200510590234894484522145759
107240623976393116666812386418613989881149978883435709658274139462002268790003
58088820526920238481145420000377668758634338101135086212267796856171951299955
40195279432553585017350068814673557583924893218916444711535422550087804023249
101160742298270955186514173666271562929049540575704833872306672398741440164247
72097962773256927492004561313926538419628522855471417566428025441121921800485
27567878292889457813570226356260260529372853696355454220737664743726723275215
79523738571101817466432148456917925180258216917674918042670398563909857124923
42472203201204444671356156456440082312077868644952746042899535845276991764959
49252841497535035230558987917761923687582921759442680370325804739303252336919
2057585083917306962679276557067189115588716047122410908424194737445845607029
7045483155728648333386307953707372861228301176484218507818481342342201296937
87911177021849904522407640456517059712107271019807620750193469727534844471029
25721796631895906405300774751196994491567253837669368482352860945008181014323
81573231500070258581323897913855738404253727411141167113936229823427145187143
12392928873963268607357154685298828189405300164784167324285426825163612579241
29251878683651849589586456294317560186962342396854539223197145573495059395315
112935516928828451251648108725238691120037835967294291018482711872962756513495
12490415356689034632406576659822491095436207837234669623327476777222563437323
82771098937091366978682154346104999217909094903366964599410012760508138809375
10796044101296306221914243568315554772144736181351225769397896344981616444733
54246680907687678083801540709585910179511367294793148358111463586657048671253
66351790368377414627866304802519245206313199762169229557808589370115369187053
108929955267621584342644266731064572139224957290582262893240984548002667060359
77453242754295244241186583808548151500570324817197772057214212115018900314757
93253097868225132894292026914536405736307150597288436960964835960699334260839
81577595046022755959858952427365109222162817635275253056996983531264453680817
49650969148924297161965098024274397043454644863053771827107139796098580733083
64430403261222845901155542304514748260826790445647926544215553251848424683115
7549827227640318050744542779743719411394034914651285335272224501761901570043
27633939932131857872607135375572408487470472712588722764164116877803668819603
32592684645167271194101775682872334446586553333456981532498865138938681835223
4654490980435528959671859800475156224357696153321394002651189145790662620565
109629251338742935043420871289657541111534772345416708351444119753829783130465
102774757969601941514025666071322823428820727571397496213388649594860153010791
67843363599369290458561995301339076449946043275012260817425539198306347962677
36003786805711682619426957797269573399924787358197575201164281064822299203497
79003943475911129586741299376127794311519091306504405429800143509153039137231
23264089409600088266759505394193868908099576940305866891927648722083412352581
93038064527750916806979421155999646335849812073017466524809244350523681843167
109164638897468239803882907118720683133631114089007102237955968300051607518999
88362012262806069478396441097647343704483368830945134099829212849921982227829
39624510024781933754942806771136045513857334599277462787385245509073091148281
112843850364406308290719842379905273473498963526374450233999564110744160668801
77662230205874581327585653954986744177810604159160229796024238157348798763467
96841002915989970845553673747750557669335614814902565396840358533165148853151
115725528316717171690588977490562776817771515842072923259350989262999814484379
108305888176226130299673645423861581328119843886800745876966904330322651950731
25516288781326044215637290659753844196362075084220034346465049381710723681933
112454441142886647593801985612425598345024176661794970170254691786239955229653
48075552936637603708038377575317299482596048876515205167746774340583975981153
77038115202998721044067031249900592882646616191166926983026614006207033333217
17532660343284002663501830526372061901321116539658621879878775128826624789095
55223168600312643828986397141564402969970626653974466106714664171491022552751
71373264798784148105936496053813542717439261774907670552342628095867704111551
64225772122702943038273163896879250234518015732155530599138822411852730333457
4419838698043232368384681582562624522330519034885696910093893284509233949583
78263550517699781003253613033408716781041082874989360179426749779137049533709
80990971866947319932281423818953882307282884835801713001760464474137331724289
85213385620252160789016493114863786642945456741247423107265680022710199426835
8397266649223802668004975328444740411308380988451081235906369676750080465643
62492655639759963979436356080980095974252818488207526300870479428976529105819
100016111533701045595039286599578147190632231545733978185925610818963201398865
68675410888562412650715903212645805326741833600104246012549795034648355974989
97065317248472830889246891130919219861899301218504419594579674569985336057293
3080419855078702556119470748730503493270800947862225359376541988863803063095
29753322332577053978603008536260549810599758391721019561186493195069938858389
20634030607626136738962512902524823451344497975841524601726580194701663581353
55187841376395849523535308684973949374079604829400967086055593775593356176651
31050558198948063461176791200755910174890335212698116606040789852257636063893
551855698539438670166222557536106160205417679125666202216262701001651500861
97392960797089572208308999761966322786865249061651891598416503849336732967163
110600593635777597127434924672458964102061860282759579709698435993407887741845
98899387725362639766723862792582290743519154781339860818637741275253493152245
7060922880740236402706924069973283149028747344076741113163604712225270945569
82064806950391790347956275336033893971157073842597481923249112101645583467907
1402443192475632707031055012187383258638470276967881720349761167305245199713
24083596377752936500038826729031387755580957677363704308050366667486145995971
58844589427510191207821840235112194146364658115321326579217179012364115562519
30998302527892668206736740317047396936170335768083111675563682284700715305833
112623825080773622995691522298803683494522344361666839141592848572291936489009
93100223774601757916241302038264705900398258205628627654558855989888289248779
75872279502340701402345120796103425756876836663340128597103517297686607303323
75653571241372060936997524441853095037930865490942314379514538782629960695421
89167202343127524115592276044715918055702990699430789381702784446619943697799
90449631333502428460609298383222652542827933839448986702151526659817579985399
9179459428557944045656493172963035705754406699084579672306185683126564837995
28923777165291331908381285101527421262849266653447464945838463799230663840325
111581069731465533814386648321678076562558622394708985240027971899968887426337
35373937246406976601999858889452524509173977259105505007193425557957392402939
93494193215689914192161155758383975456180336616496894131342807103581398066701
111156008961985306923904471771201410435162718650113657041942737232744823344283
39285116972602896885991934459930143893825693555660340460336335388482494600673
101626769833898085647459802568819718271477443213307604806033009514291765536923
22502851187651991956844770200553384615213893369121420706754500951781887009521
104414931772149703330107356909256628916466699998892774862673117748600433220581
18003632754091932912148303845409436590182500461923758460726575890443702015995
69257215290813913278905378645267206581208985659356951999247587917358212562275
92343652065346390271074303299841771678696207573107227756745737251867177768881
49584733657926551308274222229841359193098296973187229331948283053489621642041
29519937276460268800072537169368739069486669227605959107088449874551720865919
29979063544981261525615627495594863051069820642834528110438017568307153731407
15353195056603138722179947700928931547603702069155719119320114823165028838731
96554824388403235897800803974522558102670531617070986297239195588002101983047
61968892324821682151698177254816629205359805661961365222019890966244219428345
90832592849108024528881658269774846288658092939052798831236563777131497047537
78651323159638227274346487340302911477784563482361492936951083398256597728473
83126692785868572126833608347339211873861158131910518055863029318582009568419
88607477531822816844431227667521930165487476983659061244311160953846203801289
2188428176470475319944869796422224731465477374031020762332169892822724939327
83583383926995437861404370457394878486755670256577878608347087134440241250673
4927770871404712927006534692526849633856034917199189087311114163521959949219
1711825073631995875239876919744302233435695224293653619987970302970109696121
53988907272470140540297921075146414616128788719882059321446644747846245533485
47871510457419963003442607857668221259151944798889722879180952585603526973229
109017711858303540994582537508841148161093723627703059474405550771850426700119
22845017320473501468879204650336876659535639922013627197262502966303098727617
23712013617180368744158018262370325400576870321212225277630822521486983520141
109140239427123622415978284329934933750792263057460974324704715744147451732037
100143370930234575442064946068051559445369537258322981440374323582851957583101
87939447666751890530152741387148020104010890010956379308554435345152835753845
45095058580233920692217072733859296368029853075928733587298858717633663036249
32948747362667176881660527404774328048362629478611507858277360281971254569403
7672458596410358030271783353342592129071921449307439095575943966785210413521
55858988229644527322203509553959202650745293593201373730965416660323747050743
38434070262755383930126369647132151102907473968297484956729780552167506679961
83060715206619067606766754668172641333784410355526515561115934303581611272485
45079462663093415377537461704498174436212103673428294787961791916022145031917
115773390251591943633719705088447965919397086886599515139879605520765410848553
9508146795215481733789167105277271161539113213654139556232536326766457164715
108457218773168041097579249426522852023413469857901353500114730949367028895167
8937105543062661486061599838995586114519277120468230407233246103780280690367
20744017798337838724836296933209572338191146130309688273502614208891138240953
42556279144929713606383134419562192926905147766959531609248096412176374176767
64167449251927441625261770210466203483797569865857431772544079314752992261815
56210296390090009801526106818829685544964835312160002673858359989245817749499
89177442534905170945583691688604705234101847326333307383654744220050510294877
20735357109901959573438741680775400699087125061584626395891783683251149041783
103664076620844864809510745029665350032811666872964683495310045879726806578121
114839710512500456641169865703854692561790103936044530318902637156431002935825
62885192994212300900132840717423931625774528048598347723820027493685778044313
2091867000968520778143020874640411627826213496405874040548755575068634758007
94764070681203465919012502393364595390076576734150068361673206111453420291865
68909798775297468965315691043773122822432764678804205133775655304000370252767
50189415428884062624143353504981859387376600394372400566637251032483917912041
114955691863898074087827658660805867776554910996050499387145705760027065541615
114527985494073269604683083503141190783706170851403665858920029615707370232049
86295377884326844340542950035595304347626977238435011090019748512185711413069
90336145621542704385186682376030779255122711217268664168782980550481263761395
47149733139783293160108985568922596837374355818626583603121349816208405048389
57627900715076450358572944314960577269258800795837106237448341619684006980665
88672955666830595045039675546224475317839306947223514425251625124967807746293
69408287938239260120824198486219156572998661135089749463337766914044716606089
9520529507279426897783717681491784349809896680583110823106351401197144898083
111443290372512387802261175795376262601894782387449645909650237593836076922555
89538765838104905819676056772421621914603427394893142624384201638208790766123
1465001618635091259087822209256123583565439791262721431542391083471360075789
49512523920895292734736098506792971428943328097726219266457720505780602559915
75836213887839731690622121532847069207096199138409054994767647903744763248633
88586158862550801126448205936764338543218446076536301440539886076078415345905
32122760756021451489629179192708346956298132271172009857739981405213530932517
97053907833590782937058937200221831182197429843665902013632593481566861730827
27130891790561736604907130171444992031244136391770592631390763965688064057525
91258368465071612360042094077139050836729146021924799224183807417633022807053
74323043119164596009968465073730992678852066740404178368030959707329300724311
99052981908847530200841796299186329519976357184760974004296262434028548685791
88412243606274876152796411757501221619761537052423998481142985435474184880397
4214192222019496417286974822129512262476843698813156648685169604201007911545
69890063814342454662779471084603608563409523013119835137689377585327833579147
65600449406058009023045818620668742386490527684010453386125678596795420250029
105222936055187723218889161106789248139957766094968974643741253896896606007031
61060012423191099834388171960334737345483787055263568268716894715590805570939
50934786100263476795282536875998179255329040301717931397945716279835836417533
30926471098322334099809545530450001608785498044813686685507317363870168561761
50452032464305384442842350761540318025806194914987401241002885989200145793911
101031679004480681341721768085230491250776242026695890171972260942356323706843
21349120729215237851042539983440303047138314561257312569242511291040039204569
23864209829931620839542003389615002934909979632752277400463065623543406020273
3905468458131740756330686313395093200327711748135810788308922005362973850873
12802024530524718524732404199932714040887859328134818013068887401596355812995
23409824783769368873404535009958916128456351353216710850058924246282222852073
49737093466276864425006925711567463181934455831965884068481087643448875202229
35789714450185556151887375588849783630935541817933796407223971106160038226603
28200968110720152790414444734243142519036711126523447006460989377956700198979
23432191543952283781345241942389782759269914184749240315953736832391390367281
64370854484109660792813514951598440138017103519714999032325019828260885387375
62913652671382500959862623919065044997661611856414991416242437533339715630403
102529965997210205249905049728374493465795442387965352073874763278033782357463
106293351395367514449195809607090931412993646402427900785420724857643664217857
106317242168412270034999191672889294649000709478715428326157647712276235855475
85136395776435367097437862497229855969421290686392235039114378289680293410693
62614801229741013976467495243134727909112831793356796171274795632026003455743
59687303423110690023250640318405291887596743336670709791471301532690662679227
94080154347350214259248668796579597049313432612121467108679670105890621285193
18639719943810475788298866721523456121043752173620174262252502909666630698643
9253415765339228655337325098723745304956087178572667961172746522387099063399
76467689928425958887278401130879618146086052679951030574789317113650885368763
71295148782255544700116792973030489463267384036469853789539788105555985198039
37632994679835175789190584428465455988175513735456314294035862322716444560923
2604373704583366639325249841966650718308574850341636066619451156266980038721
114388152157216678175315331189105012574609643845895949644243316073687423712227
92488776878548553869744980884547521320942786666771140840180492836072795379929
76831225716494353131562417032492848986399743475437727359791731987218529919157
113634970975969109987635646619993961902160710295072360775775362440220968368687
5799237851869256613741900444279288166290979481743607156030538760599543042629
69365759787530173434255684056686022635208813002878777637743892056358016038619
56378816228209805783681626763137791316788030217105226944264912990803807953363
93263952479808268977870311478151279395568463094931591616402915389500904249185
113575587297263698640533606468132589561372014651172679696149802054799104858243
26243717243110526665171360002698483719534834185969042251608302620549644546529
104406958199516799321453272038963117495448133096141835234490840092475374898201
79204461004947521962378582948295804547196228599986506612125211604336157697023
31530284116545075635848330277527665642756461961186380212935328431156175802055
80818228956346581769036663608541393777771606930667272729683511707506964127349
112699552763269111505382657477574625064158094918105661722514929607898110969901
1363435923561493887294958286951372354187440038862556279430219791118963817391
65250327737126407487479030306346953699273599468015869194690330377996502285851
18190937868413853597203072590624768181223827695972350764344844360319080118625
103424388811558584906248737709423083544255085998167845064652428537807061377133
38205302834860440308551297777646354733072476035174382684909211997257319505271
55761399189395602474803768337377791646552454190795128946489143513737542504463
24036774397030993216929311102858888000234606470446116660575455728965486041985
45292544448786167626863601765423288443838447267338859411337242705059073222283
109314736096278012734948556759747557477184913484417656228403597867632085448107
109814151061514893607231549860491927193339728311988388456880576356874133251639
45306811410306677326806689272175408668997322234567751278007095341650107244671
10843653055056731064846507016671754131098596140983310567666652811547592661319
92596342719352478308054188243253453983995679939908888568096945132356671502823
59824543423315932972260464949728128108338331929515820948093384694936907890181
40419902139201254369483307688496573892898337643068765550908281312802511594551
108088360080361962214884692761914742430703808563206347690185392188693503134569
78698014663182072563973845410219375525904463666723761019721466528950155899497
47341164096218111787041886950828153738874689403411493361041416569215544639287
102448199943376618068640376977200641371871183436853789024702849143206900358795
21755579147445258025687286138626773672858737286566405844905755047317290493451
5432303811743804511017888890524457134692090193397736462903311471157729932823
49886001621446297411658053732838749656578908581972978589087410927419569902913
74489159736484504788725297089968380790017090705231778535458822764930874767153
15001784352104357436662363685822898532882506753983616907511333442506076113615
80599885291581652671402457808782240935805629799091017155916340692537691448357
14516745856199994841700642627617262295382710855518009339773625603307061096889
7978854095797887495925946054693942379239931589719018434433285705156281596479
114990195680412185958330975403666500743489463289423030128277587771767850042197
60949586695181560089245956156515463669399620985746739113982446841574220948359
50515932529807631737018347582584437774832330970569742127991767796723397922393
106960625536241633454575485632618467629127484035122711895359963619560426818867
100009245306314646990597351668492310263092196318916730719024408128135520293761
69817521471821274825226324380917733152528795766627498765158490094206872658223
22332333131131655559708124710713146354874856519752442050717353608935315869407
70471438234178831919768734802963955365095797192611946258490532384660402693273
37971587600673207659209384056159561352961959634261296992912457505315785917115
70052322575935983782907058148448963326398223838880098806663718997320742022345
32211861424085357120156015472255262219783210371989790398834891941086087825769
94844853966944596908012613570148934622155536142377341719369207431540804179183
82013985654907305927196282740771931517565419464312714149845976875725845097817
73271354492500563572454280263154491915572731537688195473281304622398428574983
45126142692774848290807825532895469527110344937368864154053869945589840314177
82061091889568586847582981897216677239749798487575839470174173869583339696335
375535412855274301383997654604469382396277934931826136745810940994715628913
13869074775560209465440757531194665057514018391610494920071860661588117218853
26494711956335372728691408660100572711204129169797296849267910975209722639769
20846170540541835986883042065055274296395046361606434390751022686528486395015
2378390198621291631707111697975342696565422772141727482871892773175708310015
27835082921895871617667822232758899042141711784656168260595192302673861222509
112511544268159289625586317027550549279942214760573564012203960308445341418291
17824372687799769132719298077575416824668356480332944863370850246551156899947
69789825902121657295702566689135773360067991762696022358671725149376092042711
67075536627423887873598453367925237076277358952415627402869729483774859549159
84675349352253001389656312942337611076113814471992267893587427780910087324321
14330734852200280183971591620462101689361693817313157276749319449660287248183
74002362555209865248960421975973277931494989579456146766818383080039255605987
23697426917801403986828109745024091305533111019570434197250831403240771259777
37596036496170264987517840645203739426292496283999777959718504362871361831719
34449527855002559940714549758482476487267359001164109760278004231004613008569
90825276875399434268864593721997959229890757385239987257692979464176883439163
39053060482041491908053453662432189143091761407608823239590681949807995355777
18033325808868057349792202316056749226348825923255433184185545810046849180585
115755934644588020623846922616701727828829959136606567133693760254908812311129
80520834314189315822795039960012697738275212741666532918151009852590981744529
63816765604393695989175183662910087022371326870758559978271778684381867875753
35434914269608208651420311186238758781823271402340332493167902243810074278445
77763289673979009900508193428664891702658226058064152781548518883190113653645
2454885667644297215007421959520622159825484103720373584778146408544828913371
9537237234758326265273751293722700137171835424162663586496322252372833307391
98699763037071907663182726037274227452432464786362753989796086333902620343109
58113294995541246511781982227102301483256195876372061000938500735818045875473
62123052822544275732721708882945282540336656606955424457692647179243877901017
64702402152417350174523436901884824091700587502572607852972677831721806752099
14168337620716493086721221934842337400278474035883962042012331953703406720325
380790453534985433694646083659076266509147275351564292212738413880504135161
85057507958904134077025835773353706083153803030242070458508379006742633693899
105946888046695062357543419426718849469301901796622950907903401306192283248299
46003384713047144097277731680780335397461322820803545997150701808228955792823
3375519053255020861750809204274025399963227156114400152524645245991600971939
44509568398943653523113095534781441472366968513045567918289844406699487584569
104212817122962686664679913027377719393823725808138437851740016294683268509033
44531748663408040107026977561630579976631380986921143587035166880069729267033
111587841166280901925979647460739963995731716681089013542557808105459830993081
102927902322676053180146053129441863736320100511781325571908979584523982381375
51265236540181300337456534514825662342119678659413515032519518468756166045263
91218668370938796126308336574006137859428419699935950152078911033618152026285
31853524240661128647024176305281206942770380827452553492842307824470645813121
95382571849641985614712435333090536760447172014200321167346148808662460850947
12659711721396458616966848103640759823433373043808764446284633902111503443617
3720256682009466365700645959887715843894268508241116597849288399066397315641
29200623224173309158143846627829067721353952967372650388577549728344487801203
27852647056160610270842095929702424776460686551888944509553319203492363929043
8393476838964073553411047199920166910803315793240105348395885289799496283195
111724892916065224191548130364336609294115163880763183727961011312252673834317
35533260873131167333412125302256745802737856056605208155730065443772301880559
48779335468563714148092608148479990288755074220617266570910497263950175073449
18630698287486400472118138429570247542286748436965445651441339519361586480309
113953695176476131930987445807819054913091258782025105974690077850742996128359
69495481725419279476266475190877514143403345398853697621950525119639414916381
114506318922065611718502464378920869389800319118765351155566747998331096735995
81936755068246198573215299464730103722760575301203851475323394588637290898811
67455833932056208449463810856768855254412871524464105917688651975174498309883
68652673228674158365371015529724199819799760347976207787921591060949838336977
1289771139028309701224570203810486139624660757630073773557150130547747592149
54400750570164069664832509006494188115505112814489289059962200841880715657777
112747709609103595224609605681969959094330687998959239732689755422504963870543
85783072374813509001221932615082755279537539640343922443822618582531477147725
67506914315567442469630373159098574655232834428423659863150492881954332216559
81110597538695667876720447673017867681205660244341689230636995900150445456523
44888330489915495297330110448368120878861952298523355613650815453893702530619
57356938444507335817615804199087621596059647339226508991180763211720700936319
30706994271930739498399922780118071733451177708737377632983037020693193616965
86624919160755887824851261272815786627213443753845436983795565227767473955103
89849607457011890212552640086649268935597316172064564369618982817566400867829
75033287864179159577891233769582457923895001372394251027045706969882948603013
84810681800986241029070175970365713984532302994467133377274142181159041403423
100186397150230262285747712019542316983415626666803298709831868140501764019019
60874651322264752388451771912996306694516880198104930887476562915925140239011
74992521066998617543834524982953773399934712355485992685165430717373384827927
38896555675937617325800633553582395812852392838664998785218713664217838421137
46305633392050262447324467414436327169962554293932969100177169808685110258667
19936399345213899973484337834301676036463619548555890757973222268012658014045
19176283200075706805358002959682813934017409514633626014942215346137164663337
111386013573267260944640991396272426169095054190035778578106047897511773721893
32475903795850103610548480112184972045833288206485783741028734065845184783101
2759070934794852554871353586420518108532117640982198258653697636016048723275
15411750697397995774879060764011013084780640742016472410745638084469071521767
96368230349200300398664436223616083900452789839504957970206117546365350197609
46565446638621374469347840067884084717005998162308819140564674713782419736737
71209551743947341213014403305835255232103320685420905088760494439349881877197
11189179159876993474805748068401851020059064468919268940106506275960623090929
86290424312345784395828590182089460692380419830581933507960411847962529321953
35348769754572103594544436276727422131565555717383309398872602770107930903071
40766103951320410802312398926666522536423976785254405520182973232584872924103
15555654276805647323999124325220934999909655452835118787152152513450451837471
92680867629429529550645937036947462841740865320086601043158476299627551190767
75126002379799273975771901095472069032890234892259596356227663717491702996671
3711617351294951824051815259390604679600868531811712800083353631297159691361
77168867583004090383880800697477234833302278609341281004837889415768765353003
28614496567771180715035210786411625742788716485093248458329223956767161240983
26818258986397822880761107635296473723962112146199767778223987894104828045813
93253714650260752247690289733127844362131188523150113739567543879857057032207
63829837362511368270082901619065616213050883949808397731575180319772993517401
81713045063894171783118412244584110090665274341499196398760987733620035224751
22544921697828275152595326943412115607303636512016216942683675530852312120463
78230791910025870566093797207093904016259344355634138557190622852300077424537
63967332123890007906343915996482325968299139001723458692672151016500548442025
76295917064880508249800374449097708875119329941367561877284842680970553001435
27899910374824172179661208455496426667611850135186050098664845538538674290993
60319976703871003530125565597855369909090786366650009764918183329314857124175
84892948563822854427204826374363799256613659790286696318810096112104852706659
75547013814190517527907669251394310053562593787355523863017605350620334474435
92853739136059782821189364556843085609200936626762581068350753705728861247147
101496412048542907737591775087239560476117834489130021987015030242938295080777
55786786805226078076882978530404600948237106724336291448774048154962880410787
42069303840397915838206291478576667402510510404991721384538621641370945987035
31225068988779307522247221843377335955278383046112066147999926843054676278747
12321555090902685545579690101224186168411794162319662020109514021567009984641
42271618312938993975993487224603056186089589431003432852782394404875655277495
71187647639068334959373068202146800995709385145272931495286629709043249334949
60311951833957321579374806731138479857014901631956348079351853717334765778883
967601439082232612570493529818616984371015998786579639572902822626412947263
15137810853582150981206762127203780100350209824490905547235901240373137748967
51614371384651723958944494956476632207050457515006433813957862452947226964403
101612534080172415609227954473819871943262516245856429596807359395843123917305
63995912912721370529268204617605970393366511939110104883565758760614998330495
45487941488812968744856361849347250702988519492136965481651990345745648212553
64957933587249441190508178182093709927526963915348352003819710983210608251165
55174441766071216237157355575320400621457614921380299692491742899280288394979
90322990962486576310415232443903284895939635999451912124733031425340026284267
21097931177559645964039715088957236553212629218591038699208991558200473993635
76029562924458897475835592011191578609014255148402725600372977613416320219921
8640344117542519514667519343570397919040592305295092497739228264279631529997
75225130833687618324937286649458227167731618874001742049499173285998101877039
9698291724244155841056667407789257034268476725277382380920232538844745228523
70791874093861015760527314344635934947564918062119619293541116829590924679047
33652505417686767526467547158377056578941986637886434361258842771558990582601
105619667300827102573023514993405159960186094490126961326557638306310362201771
26131070157229283293999525381734174248249806613232030502800905213368744644211
52086242970253582950356985209423181417869391178262951382611632633316274195323
86578138417853848532207719151994374067971609371202795263592345819883622119843
106778390220690105012522911379987961166041274119733896717171933302616673077605
106716103404001127698231089871518457870060843144821687008055692162344085681585
48888028135461165010854196618852478578392196974480788026530498505768493472283
96125003806955672584778254557440272273818975846585742372156605180102172813279
27710003795453461815679379501616166139163974454712202964408290305448087547057
90127782604970316824911492261191716668874315475903259463648806512041574036947
22801722162976919848082073201691401684236183740592032714101424051068206323827
50460952413846673313933833909893975306654130098734858271247246799717139823525
10436389399732981439408126655205298957185866173529961421781282533344389172969
89023487526334014862980952249607971267886839227253003246287258826008332275285
17756028487737990163660240114998080660025082468183777396842857131711236107679
68820748344186151657917400026554597004814345263890287248503750567737469150887
16690109579491898550016460031300889754582971347186753695050254294942863766017
16955042171663810528496382947816573387667257608817495491808100182114417861157
32695436095634229269743724531542187817189020442671927036359494343115027667765
48034563810366255112186117403800902253992368729657779790828408067431893593203
13606652962196892788658352835441499194278909555345970727579750490741104229699
65236230592046710813109853973740767357279414374476462074738604072092716328069
24034000242694072153259253433026326049825034348027170621370397024222707909039
107627936159756225792027213507355310470360426323317700604030747036887771678667
12473632638556447092879591721909212202419343236267775142418868744009343890693
87171800378660479221616470731260141318636868405748066412207198925088089134277
102400008368569532754182756824636730679051280545711317166072905660762211543881
86268934108898393336711414157435129176341016620829886254280404300179330279165
77685767379837276182793336007160668418825119414283887563130341201930168987991
31428072269523111980664615142942129595242373772415545740994056419520772750027
27278341699992612773091556596898530855449790086123454036678262916577849769931
82452014420044499003052777140268643980512414884352650579571768811098596703275
94180973972528906330862788361384335418466009736291099014947839587715502004003
34772371774026201814392129049592026080580508253681781151853117145350515785985
58652383822467601784999544555059447909195312907034920237483754199855287917143
110041078248943825859990952738222608177422682465817654557040341201735687861811
18358592998004904725478916732427297147311725950918211118991196941977266188899
40447930224409931782919090175880924087828889192963269044852316452891884322219
115121587493245513135200088648407889288907899993125962917160382551459347329299
32948175725105211671980831643242892260647285501680393185065053641571460763865
113885057303784079195510097937878987712637626465496187323155360465070597245733
24642270812149226140877248558962483885577560406713649939452278139612251758617
1277465674802775603986974358871980245554253577368892175622564853362462102665
23516751136785055950323843329484487983651467056979822975754276910330960928249
82535956327695580155275744589801079391818673870584678487484473525777077781617
99823886977039730137181077720002530766948937038055577280581717001522248345531
79348495513772477161973241116985840941046479567166570189505035012105920071873
17100900693303597373707660670994533213311802780713733039435924475948286541621
88939477537764211052532870947816980224466801170267832087281329286350004689673
68553224274435729521939517951464937518354992881769697544689925241932017033379
13503116629525799793151237474326785539442307209379823831533311797400159067223
57092630111116300063543717780878681240607894527823479244005519292178075569029
82503922748462797482615273832894864684083146708049488029329962831558947630067
52631900443246369517621926205638825786642713935014625161885867588205591116621
7009479356936187800792330758834712496689794615068538474630922351299551375917
63842379518911347074174002108833254673763936669333513212508784298482311874191
85234952591500041460922126994697122195834375522034856769175052393221498803617
5530097265564593067797530722835872612778219403033483076192905816920886819535
88366027506262805700933963825302001699461749728882422608023718737490115727439
82621440694721962863049001837885555106524970973150276663742927198371177066139
32113211635777276601570678477645641392361235777578478704357702564672769129883
78986867617497210746545323620441449250581993640620925201635054956020513842465
58197263261385162157786461485747058534293377902328114544608921892655500045395
57945892511994225278474359774867835515736433652050460969405725648188119950705
11676612559835686335063087997510639503595188209098904684899822997828165546217
7220688881629251640707687574733058508276539286682415927497936282400243577469
5389218695722942554859078982931264882922510025636804305263138146334807595757
18549927054878408046992969219477682056700827766141328482049127991352303563949
90441147124014909160857983455689079510382292262584909451746824472314126971889
83912960774590517392102993150572087805033183400968219293638989056482443572145
41674438702589719288049815416238020575872926818537620863853530421038521606697
42900247099760782088617705075665412810951803808228454373598169238471906811333
636067333576336784865987824761347473634495287501154464681417446159544089295
6295746897280732675915179084254901197284761070017343808218994702960073391799
114661155298852119095580407319718029737594430065420137318839509669328973778227
52575666453485812171433611645818147699157102384136389358535858578210691841977
79100657892269059712242550614596180659355566688489113477936986522484416930251
94960853349258059392563375832109491536842324236003455251106079146558707874271
72668621240816552095034053824117186827192705020336819750753346543579275795507
22654843032813570875259255601295601016696109101920722070746447031657446847453
112773356925624105692657807754425680717342804512874014258858337982299827248085
56031577649955891230269831098452679435883012196131447850423880704144129024131
11065373935217669329405281567709964923439418745102491035074766540956845868355
52697098071500376751562893818815340595566004981692896406336349333183538820873
103948532088361866249932643558344736755449579529162804184314887461276538255545
77390388929336471563579176667826497405254771210890046289707111252156579936361
59090214289980950779293212413493337578342532487285591030301997222281742507317
35854061309646513663911633778643759365736697946458418719234561095886154032161
114133791776272553610872310129921509131273747081873109436461096443430659354487
64079106489272696539741821295126762522916703279374659750660263311860301872959
1410686444383948535966600533308642414512796389549102442813484489178521444937
80048713700171619361074000312716552501737089179579493234445976026434323903855
56502229496337538180091196300897195785417255482398261516133178610958953626579
69683234980788545249419485537740814558585559006832006302241841886773991121897
39307437066209310984936029686978407282058701932653782506723388288172090756055
41415426144286309583401356965625893622497116058479397053219874586926240546803
92120990094256699755256173418051328160355500937082567645388810493668479388157
9305425466503689178006183915713743540181289829411079189731213768302314001291
60266296097293599720143774679245215493123996329523446637968225954257351441241
84261589098755798292493501181373144664604037056479480282951648927159633254545
29507872114581852905110894227738960881751938187450713860765152358842698191661
88456687679433180512318127482144534866620159656636026346725877190763823712119
67286349642432167122009918838260084831871295829762984078441953867445503904931
38600412072531026964140001048614887967284395168265190311569425908168516339721
111292106641782806288106313906730514628352805110145172382453450139547791464365
49549491686096374123940925741909188165212775379811522052763432040573702608021
27827576514659607528211466386648413579938714008297317813029238241025855234673
60927021918017984118225594203686488024607292098652670991960137837775827596911
58637356620552896647486182282052472052787958083186116419948959816408954309591
62319528457082168754052364261651063518515760247223502194818471796261737180021
72271734961419563214859655380603932306959788452677171096628460056511233349099
77931903218962152596874499951587439447365971956062192013115319384888283216675
81168781391186171114257977520447522153464044435516832690346080578156027497125
1107410777314830046621718048276926846022439903957031814678171502088685223689
51253964310426488102674033732379935485776783463039974590697564511811773036837
33166688513236491774764073122903353357537484598028958172878019632571540101415
33688678844390457531482835189222417228071576673701599705676054153935858220901
43526021158224203915439541688775890435517674555963943156329407062420830516735
34302150794349871866424859639353560770682630076717527845168047333031711778505
108628116457774438250217055394725839741915964330903904255234180890835382913791
60678070818322479043403642709698595929839952653058793567877574964412620402035
97968442152805692298009246628659518325632806318161188895901924589049703913599
23190751215880309354026896998554540591926265475203665604126453192732935648951
7872918333319007959919374316071300387565939216468639059159227893883296492079
21765454836580156153255764189850359093874050022741739853975858950896137774357
77768878252055056252930319387752059317351677780265860613696009388573846428193
68580104225532365049738857979778413136591407922903706742344754319495569978065
58304768349753235407235928351654127996562622546661644180477580984024263864509
75690439082079358363913329055195908408318968105797749485742480903431441819439
99765781445587907554643748050509709701736266756634900527038929403835019777419
3492149539554795751590354669603168366783256052692096629958548428729168966591
10190869269553742265527325126254782332219219677568006577241275616760514997571
101113402197463010756591460840366677054974070487828810786018505774734686780397
57524488788964459110052872041916484206659404352447183287540294581337104471939
101794484327257695274135705960542696311700247453942071657927894244894463114203
14874720989953395317920667021684244742540302159812506279673653996083657037643
26034742463509078335823363203998478372538173036951886993011628228108943837687
9205018493866651313744451653533686653485398603668606572919953752035901700693
46606806569416998427131508801253396519185099410362078056378429685278064366905
16024133423519527814046042799215365857771364591182224125825636696758928048667
17823831956097784335231713552112156003715375776075505713730779882773411274339
25301499626415494203975855719634309426274463443873832747333700675615585614077
1002386528716216582220720708107585274854550933980851259787004377580281820541
1275220278347299180315542697849076715186839703193065673179647083572162753635
27452548331060826015071343896124180773183399416404033126942765080011578219093
24819249008714929266526311655072754622994553890963745691729534209106818837035
84214941947783193594899791414610165771006174678509709303775448610215386010091
3272215646620848067332337405026453629663142488306438899509226065113457552061
48195334572750260817051041665170700837811877908911918825868329760688101734923
70248535007768308499949661817877207689757445831999749343441375526386035585805
29447652741410162287716355900087192860881255700413074143836148831908429025739
45718725813856504839797345306438392634558450899518749202824776706193855335819
55708290606292508351341926429169050811135457962244478851091142182005833412657
96897781152612658351928038302783073331271042317871622565065997279443253571463
50884448817713913464692836201301348478236364388319151950581241792960357028391
19620878330708801766721149810717867961157475606530947308612876336848973322897
26731567328683907990824122836549829428571284488126657344977578644416587380017
96377366573106828242520333966308506353573916881618825451019623395320295748951
21512567386765792124836027972475508022254235989989138718530396479837081002187
14725014787495022839023832415954453938946586465405135863469945556894158626993
93817828018749228842193570284710155469570879722530612506669733728816618506137
4446292055692868938712907382551600122221035181365500656282492213468829599709
49583605972847383336013060460875756845031938229645748802354032473674893507557
12996319412587048489312368511715552214523850889026748851711714674964097728959
71670409888533340271586584544697689976815859250007997039058380498695411942209
82611588653570018603504479741732882950165394581992343741001452873156445797421
22142068085171069811489529270540487895478429489914491667076974573829172253261
27323210651563778873706174520916978626197145901842223646916439585262956684885
87065967795269283438979499084101425830853903590729345749991758722057895452565
33643633985643385711078793482802326843322657694140988190357073530770359904517
102597709207738783818277969230671381699543625786837359998660505236759669741943
41176328638523661102731576949427067660050910668131863251057985530419934590813
103155937510498842469020069658540653157203875228593691096516188786913391019647
33365267242072621681701363407503920966860190812450791278541831337083010682145
21530742381198803886552215660929456659700043064521652311993974654944311226945
112972888050949183821690949583633226392555479757877866051012901842224552924727
42107065135094998851548079319365679011071089605585425828610662543889038843021
103366229393730680321979847740452644120009006095828216703522712226905799287085
47758854476396988392415993854969258287639839158542906784729136158906921570367
79842121645896807214990563486207381499925028110963529815739643764004725712921
27320019947305370040187303634871365636061966553208451076729172914625810094193
105219002199680429411564456000421259194172576995113049214912000095757907237351
81615388320268365802931872603641377696202348320676850686650207486342356047507
74823024117332083064295429098921093736663192554978146487111797913949678433933
74097849016170333529824729686306194527943259962108387407562531270150932739919
95629624218458507955613643527417888145650690891913026523543470491767964490045
35646666559920644098293579368998920152219401000029811988087323986035820368967
41779848715350808173947112473096598878446105886197990382282420445024440724431
18782092015617640164930524689005994699149691283235486000353993214906141621097
94323231546736537455777542879176548838256763123706274005653073663780797665873
4415157237425246310074910988465882136338140985105260775106739540602624909007
46334476655915668832477676254645830863434275968520903549422192690657745908747
65678441560810530106525245465631887404631129208716814247904596877212800396605
111195026549085372701480011302836591884363892605691188754269747078405460288915
108034593947599326670677987271953317466374507516839987665207047901828074227475
102335000562226699327235715790904341115581747038063440767740638838205517227825
79820748830446572925759784109561712257710545375331235282094749961978490817803
73006828329825305422898395914328039410221950358038505190962068319067822993275
10686498457417455814051887394787915466919979775193546616251786899866963823545
19476780661586633665916587557421955225855924139054973508770298843574226802489
105836692115408952945243829378819544731776190367318247569824238652206510241847
11281091168010047085013391312332491273818357895765972742143952710461040996067
29716466722033846531526737161793117691551315735739359794196812658471134110265
107184376460031767925082661162186765152697800536444343521212134060112476275007
5294312832937941532201447504053140482172709548671553998431206554663097165311
42480804506331934242772637129761992424968876885618158376519383338711599199723
31910864406510921624695512402902573364723305460104937328255829154645999069337
28509208625870651115532378782803396140795674154459562309408235613441667761875
97741444084653015171745858103924309606275516932718586541366307478736527630905
20493921052724565348246643959421684238781048217889066957716233286595102859713
44073209999390975317031897159357599467313232053365365449872220242218646293461
76567539209048986308736694946963573893160076227088183116227809644464113806411
105183709061412294367713522473503333574747522268469377117546708446073316757627
39268216576031204263149630340084041888083471524149385887748084108728499431425
90117806749437792063396979429630417568020304333862937905727096173607138316403
103722671845005807470861589594107089445872650292597631762557278631199818754291
47590831873596451356189339952903725334313620867525852538828526516994169389573
11489596396208512229245484671728196551717069252269348606419936462429859722467
11506155290021827345812067870645888039935997606760656540907981383595297278463
34426889951986764224154615486983646499988023728220314343810088975506305519849
48169825531163695187039568174193309992185619856372511221699800649103233598671
90457284399249399794874225879292290774015717300658327077300203304219118905005
3547860970358712358286873795110471310341640881346101742079229180280845517841
43986166104957957930279331470738187262736573294114837554187553642510430708521
53134088679659759966339033561056700513863594831730185919928016896855048145225
80869582094345911214218780067968028645951555187853961971394444251841806741733
68573631377126987515628462504359764973820116358049891404769980769888595615111
93095257484957311601828423711440470752103918797421784321539692470405284626759
106473395939339791171348568028506863639029403918735440831163541069449141772947
108494791750230713891262826056560050986712277268006602265409156764716891339529
39148367443941276924295031122557493581624301052747778879520432908521292156935
29114665214730763063860836058919082566348051414152289758571301381680444047047
98784224484998668579538435189728189450235231723267241110809261062552039259837
38824521666042973095524470239888098212721444727954772077868059532506475089569
100079607702213546982413822982013719809506446523392881948649746855877995091711
64613809052957484243334037280690756818621783927714878734038076256827644057979
102827066724443741585199036456175072387007414747700777575915652630774240458045
43475248444759022030634109873128132461012134611124846186493160274875195275247
69795952752725417346721295759165699875544885738600768235302914482381415157087
11364180619935931521213979089556219920547506313930089903899799539487455171271
2971264204917094357337320429589685946653549894631586611126842647318870294499
83205437417258496970658823495367297873016835910966061196681815587053710365853
60090861590647977231721301364180488746475588826036188108189642468538396789685
21925546895471108500995972675359141429570623123698265926075097445338266565405
20016950210097371417639323444025009012510873589357635946548199364855995921919
51651762652089853028576513133210327919177839320730594605049629586223321013677
58044260039670046361498123826366554124355200632939524973720520883163171048583
31725937236344865211228735436887446671658435900855410788157669656196024309671
31926473664549621513974629544522300358248481084235103081772484380586288091725
99349415438811214341773660403145799661339991038309023179345959129197189240743
110846292192171883604550992122121146884335449189630763129700291402547014675597
8515441061283587148059486238276725364965317774645374379721171818878854049013
99182087743644191105324475793960657579055303544976898083669766866897309331875
20583061291613322390483240867004391927528734749177153056081674383776772280491
108284189346862995408824023235867180096551649984117083853368625530293450965615
83148005288618197338991171507442081102795704425426442401977486988437448193397
107818511512829888471934799848774370158551173063637737531246594561707987012367
45491728612078245821426226069500623434241235980156173625276993135171734175301
108821774515451557607305246541761465821892014780045003455747869604417961192729
32486742896507650233616723831367933099972853423682630838530937123838119514541
59140816269569158841478233985875755680518569904562055478018406732837849498645
19438340304649980460008180653209333431228491843274315460685676612140764542515
104382040182103164081529274974034160599050993408595898824964606070261648403227
51882833480488539297569417978928658443576576969800244338630461603273979259773
57196997740557801325170764486761544428180987162505291648131702928080669211795
42443786580317046685705797481792365321262530911624267445853094316517751139217
34825950269586954096419830051618675760617011563175409616335036681426359801955
86450129400226637644188282085054933397140882409161367120908563089930880916233
81463037974600691160057794801619957976568517305038758426207779839753545983271
55534337486813724819303104391324172060772301103395762906894851704324973845491
30091310164708236531926848248833202000492011419596460270930756725420246161365
11458280132208289576358503329144353674870349977721091466838009500997701779541
13399425926762943129667866749726267929162833087184084950040830315477477206513
48003229415764574322302690823144787304810002992712126722044897310903862001385
87735257022713772303070720171194263334600714180551283628528530675106582372807
42884239153071507188362066209772163166724400439284498346249627994624403897589
66295441652464038721873402468407095752236178863159046712115354976983211460681
83020863723264693526328957799519624121694241964284681045181274326927051780041
50902006960149033193869395245769896016272011062668465828066427766997841366085
44016464767389123803005858548378195290231606455462551607061989140097858633631
108081126986391224291839758289488022983943308923167566590941322994558852711145
68863467632470068777154097600000600203200023047795526784867488053372272924167
78613184020437963797374580235343932081211626250134191458715131764635651885097
103579899250999084150024301026292540676426041470393016256737910489680152821321
19889080220270344666594012817220225271456230433078762420307750802361698876399
115208005715787275380167636480186771155559135015373783264645476851740846246593
99631125721968018604455667389301251905964376597777359891611684743890036373205
69528053835632393146108928117916146223940120303945261630015306927913474215843
24025539684000285198747057671923475046324905781254387379924663063054123469787
93261300471986049338700512864747208939329021386742630867284169386057355458953
103415513378269510596053577650887297036617907020838317065201630480103086592951
114131768225447905319085820351497687682205738136087085498694427257062238470351
97462725864266913958969782601216715141054412863289313089389238194655892157739
25170189558805999627383813284974676721595726879536160583608334882602315494795
30313951700046345380557331250722502762786878858137515884999921919458036220733
81772168884277007575370087244039663296933528640878792488511928079004006295361
60832177134640658079142280291466520592844782984648674092659426623032169101395
69631776842263943562370899084572925124591088020754772382687137384288520002355
77303620362746439222574646480090103041433050308192447875524928364031169320659
90428967973333942262321477081487495335673205661079093093023262228703933767629
108105348158179628402645465716631736035626300676586712418603254512652931622097
21861545532996394447576609732546443401112349898845755289500483632055746330795
9085481605942134058116696555672539878593636678646388909507886710687745980897
106841416617944645060745597803518808715187187617455950837759409956213229206615
1201783671188318964893156605641072506974998877072332161021244338621954220297
2386771708684087054328840099681939606641941538159510232843890201728922789713
35646526992784273464803663801859892304795356247474674410339751970209427552393
115593268489252259657317493808917024529429123794359603266379658774704423458785
102344122399580883291929961318630674409669246868260255658552346973732426452201
102939489769997272680128240042839625851728835226717458591313478310560061892273
47524692765110946093618842889169332941975014714967446770280417955318505440565
47818496721085877772467821392033857097594515060822334493957930214829032424925
16335823150312990999758382319775834700190392339538103166714791251064133337017
104273621815881792991286251801737041532832167972552503350709078595225885953859
35855542649106554941784926575599675395402150622056134135882894458135947348771
110979315665514185280153835324502787283383706470149441075531060893382615289357
75234588191436170906278939058580907002892681007846478325144815886163866908845
107056327041889175948339476539411105165868737767836509151732996644785107768313
73889590892898178510096136502714725097258388419445098950450057275038376644747
73360743397156154260801322796930219568299120814761447784111164971475281497103
70917264790073315630746430170463441215823829280953044818221001802747905554211
37157236952542644507682339277481803071885211904957973324347394307579629546101
56799822418569039043787173348134681003986641292802505895138480971996345583351
106239331039016638454317297465744473556023319984741004646714442305076687011593
66409720540331416764988101415464456693388169955189474041347138381699920388897
52010676989727133704339164063843572050820264055536463637759464989119072884731
88424794336020390362569218537855090940121405360897408459012624919586052679449
101925963317618772379250694369788006623131674216865144972536975200014265099495
69781516065376590798352439570007048409253667899090451832417179599020235617363
54001116675937846789825513238236092535216361878010955548462238509021087236651
47539080998793872167875894436081983630200314931166301026535514053660728760423
115472586038333544888006869026008942265534295963248761570221462234237866787199
95759057061676952307151119371882287043544556143897883762488130508763685212083
89771693509244303469532073100967319920522999534127648347435693769169069828335
11592175130389193203204587828770432694308310304097916513898430838250758124581
38730923778572870061123179187349688235389876498537464298095389333202856822009
64837108807929349571790136209678774890643457704490035457768536459663783950389
94016804011444132128520497714446844998446452356226390389988282917333292325301
64084119873712255260078690455243777388644147502271433962715757716384417368009
27918856919389255746764139731180636407594014250120866230027476807363573160087
103309922874968995636782678188753381798707170479352567110140032142953786444931
42405116455217962965376747349704842651006740496625147335476131395395739386581
52280966520725378323904403255840869119808094163181045277833788456111041989213
42511030175578187142413155623007628183303915490798497884435325990325654915103
50921948209422614420908833130159899565137361485198363243422551988983562578673
41111392851696002309234080559365928111835175614263839090986822981398327169703
60159561914047641235474998692089213242488429170275904530593515046907321353777
16214559165426297175887894885611567972161431345819606541893237657721324560923
71502185353911632521792697878025814149834004172862464762716604874722666318161
34289982037866185471679064262083196246757370016430133377287797363733270198533
89217204975569622785064166982108603717259753530904271163073993246991313089603
77215167813980538826530549674456816512758047142171302695787076775919149320789
40033756795395058020306556715436625336505090492378347495451278741308061404315
64651746205278237823453374787629656325301681429322882939330409681924879822371
15926702146651253738215118463078772714966149319396414765555283694708002068707
70735613144236184946353646748285406665351972285471912308649077298107612014293
12891519729154423437206384408498307379053495676322785752647101162198759245931
44836371239537013417499924810391534099382279405516537677159808314040243328715
14723446682094051232445036477937300080270946676491610632035656363850107397989
5301096112204030643540372305945043800755901003078274791680862987627040468133
42651211013157689030642126424621816046025974627360142704187775633110393008855
106459105672714643236016532905521219713086554580422489145693616647036625854911
103373849485053884295656399115280848009897095950337857896508606294061178654139
90013547006288786421726514399065598759453712885068068054791823922663391843349
88926153034828167391731773698509259828409617293906107836176812577534330796109
45971699361240820080028074209400109633508761274104984872922392073437846565935
81743203597238864732193336304046872152637218314938934974869154942172615279129
76319281326872701469893790689317662223216614367926778854649536744825463886339
74184102843747662605796464067789632984532882279886650858451063769303673179707
102598541654550871394403013771531796069935057602353051524275250252859797321655
40649009491448384962829244860030790515803846296874630257667106979726789659985
78944160205294832322127796962538285591415630175469698296828978345863808729965
